7 0.7154828042328042 0.5066517857142857 0.17104828042328044 0.22709325396825397
7 0.7003406084656084 0.7527132936507936 0.1936706349206349 0.24550595238095238
7 0.5508035714285715 0.7486036706349206 0.3443353174603175 0.17032242063492065
7 0.5240145502645502 0.6492981150793651 0.34366402116402117 0.14780257936507937
7 0.20136574074074073 0.6328472222222222 0.310135582010582 0.13226190476190475
7 0.41828703703703707 0.5575868055555556 0.17189153439153437 0.1975173611111111
7 0.457473544973545 0.3694717261904762 0.15105820105820106 0.23794890873015873
7 0.6562797619047619 0.0886111111111111 0.32049603174603175 0.0904141865079365
7 0.1332010582010582 0.32240079365079366 0.2234160052910053 0.19837301587301587
8 0.12651455026455025 0.18985367063492065 0.22326719576719575 0.1688938492063492
8 0.29047619047619044 0.4068377976190476 0.18743386243386242 0.15643353174603175
4 0.23007936507936508 0.5494345238095238 0.2551322751322751 0.11672619047619047
4 0.5475628306878306 0.4908085317460318 0.18573412698412697 0.14580109126984128
4 0.3551223544973545 0.39112103174603174 0.09516203703703703 0.07787698412698413
4 0.0535515873015873 0.08000496031746031 0.10710648148148148 0.1079265873015873
3 0.6554861111111111 0.2615376984126984 0.21639550264550264 0.17089285714285712
3 0.39768518518518514 0.13832837301587303 0.15714285714285714 0.1303298611111111
1 0.5604398148148149 0.18365327380952381 0.2577810846560846 0.1093700396825397
1 0.27506283068783066 0.3090823412698413 0.2657308201058201 0.10973214285714286
1 0.33505291005291005 0.49073164682539683 0.22368055555555555 0.16549355158730158