8 0.37324074074074076 0.42465277777777777 0.2339153439153439 0.29374751984126984
8 0.715406746031746 0.31311011904761904 0.40237433862433863 0.14754960317460317
8 0.8579695767195767 0.20329365079365078 0.28406084656084657 0.13625
8 0.19659391534391535 0.2619171626984127 0.22784391534391535 0.2832614087301587
8 0.48568121693121696 0.8165302579365079 0.48194444444444445 0.30617311507936507
8 0.19112764550264552 0.46916914682539684 0.24667328042328043 0.1694890873015873
8 0.8984788359788359 0.1099280753968254 0.20304232804232805 0.16033234126984128
8 0.3104265873015873 0.14906498015873015 0.21410714285714286 0.24108382936507936
8 0.6876190476190477 0.1526612103174603 0.293885582010582 0.2581969246031746
8 0.46285714285714286 0.2842013888888889 0.38338624338624333 0.14925595238095238
8 0.45281415343915343 0.08060515873015874 0.2517824074074074 0.16121031746031747
8 0.10606481481481482 0.2654265873015873 0.21212962962962964 0.25803323412698415
2 0.15125330687830688 0.08928571428571429 0.30250661375661375 0.17857142857142858
2 0.17127314814814812 0.6011359126984127 0.34254629629629624 0.24741071428571426
7 0.17892526455026456 0.7771155753968254 0.3578505291005291 0.23396329365079366
7 0.39204695767195763 0.6734201388888889 0.28733796296296293 0.3074231150793651
4 0.5576190476190476 0.12373263888888889 0.3182804232804233 0.2138467261904762
1 0.9117956349206349 0.3648759920634921 0.13708002645502645 0.26975198412698415
8 0.5253736772486772 0.613797123015873 0.430734126984127 0.14145089285714288
8 0.9489087301587301 0.43817708333333333 0.10218253968253968 0.23596974206349206