2 0.8609556878306879 0.2705133928571429 0.27018849206349205 0.3078943452380953
2 0.8869047619047619 0.5692931547619048 0.2261904761904762 0.3374950396825397
2 0.8493419312169311 0.07254464285714286 0.20938492063492062 0.14508928571428573
2 0.5257837301587301 0.031001984126984128 0.406765873015873 0.062003968253968256
2 0.16947751322751323 0.05935267857142857 0.33895502645502645 0.11443204365079365
6 0.15376984126984128 0.2264781746031746 0.30753968253968256 0.16278025793650794
6 0.15128968253968253 0.34065724206349207 0.30257936507936506 0.12575644841269842
6 0.13310185185185186 0.4609598214285714 0.2662037037037037 0.1629935515873016
6 0.18022486772486773 0.6283159722222222 0.36044973544973546 0.1529613095238095
3 0.1744808201058201 0.8157589285714285 0.30249669312169314 0.23270833333333332
2 0.6102314814814814 0.699937996031746 0.5326322751322752 0.18459821428571427
6 0.5811078042328043 0.5738318452380953 0.47768849206349207 0.17544146825396825
6 0.5492162698412698 0.41865079365079366 0.4271362433862434 0.13293650793650794
6 0.5184193121693121 0.2959598214285714 0.40522156084656086 0.17277281746031747
3 0.5150661375661375 0.1633358134920635 0.3985185185185185 0.15554315476190475