2 0.877281746031746 0.17093253968253969 0.19101521164021165 0.24757440476190476
2 0.8816005291005291 0.4090997023809524 0.1934457671957672 0.2535292658730159
2 0.6170767195767196 0.1505406746031746 0.3381679894179894 0.13109126984126981
2 0.25980820105820107 0.18722470238095237 0.37264550264550267 0.12755208333333332
2 0.26706349206349206 0.08096478174603175 0.36236772486772484 0.11810267857142857
2 0.8931018518518518 0.7195734126984127 0.21379960317460317 0.30765376984126985
2 0.6444212962962963 0.7803918650793651 0.3875429894179894 0.16965525793650793
7 0.6193617724867725 0.6409002976190477 0.3816931216931217 0.14233878968253968
7 0.5911507936507937 0.519312996031746 0.36245370370370367 0.1382142857142857
7 0.576521164021164 0.4096626984126984 0.34559523809523807 0.1274156746031746
3 0.2859556878306878 0.8462400793650794 0.3098445767195767 0.16390376984126984
6 0.2580224867724868 0.6813144841269841 0.3513723544973545 0.1567683531746032
6 0.21041666666666664 0.5455977182539682 0.348234126984127 0.14031498015873015
6 0.2448776455026455 0.4345833333333333 0.3410119047619048 0.13874503968253968
6 0.2591633597883598 0.3174652777777778 0.32177248677248677 0.15285218253968252
3 0.5918716931216931 0.2815699404761905 0.2895304232804233 0.13684027777777777
4 0.03057208994708995 0.3193650793650794 0.06114087301587301 0.11342261904761905
4 0.027936507936507936 0.43278521825396826 0.05586970899470899 0.12377232142857143
1 0.04005952380952381 0.6893154761904763 0.08011574074074074 0.14465029761904763
1 0.04691137566137567 0.8599727182539683 0.09382275132275134 0.14910714285714285
2 0.03373015873015873 0.11899305555555555 0.06746031746031746 0.23798363095238095