7 0.40358796296296295 0.2764236111111111 0.3045304232804233 0.31723214285714285
7 0.5003835978835979 0.2931795634920635 0.17074404761904763 0.18705357142857143
7 0.3535284391534391 0.47369791666666666 0.37967592592592597 0.2207093253968254
7 0.5132175925925926 0.5844419642857143 0.1302744708994709 0.1619419642857143
7 0.7291435185185184 0.7559821428571428 0.2876521164021164 0.15779513888888888
6 0.40118716931216936 0.6531051587301587 0.41877976190476196 0.2323015873015873
7 0.7478174603174603 0.260250496031746 0.2224834656084656 0.13359374999999998
1 0.8786375661375662 0.14891369047619046 0.24272486772486773 0.2581448412698413
4 0.8802910052910053 0.4595560515873016 0.23941798941798942 0.17754464285714286
8 0.6598743386243386 0.4613045634920635 0.4864153439153439 0.21824404761904762
3 0.9654431216931217 0.8484325396825397 0.06911375661375661 0.16412698412698412