8 0.39867724867724863 0.5855357142857143 0.5063458994708995 0.17652777777777778
8 0.8877314814814815 0.04487351190476191 0.22453703703703703 0.08974454365079365
7 0.780353835978836 0.5219270833333333 0.28129629629629627 0.3766939484126984
8 0.2364814814814815 0.6534722222222222 0.31422949735449734 0.1883953373015873
8 0.892691798941799 0.11130456349206348 0.21461640211640212 0.10604166666666667
8 0.8835978835978836 0.21262648809523807 0.2328042328042328 0.1177157738095238
8 0.904265873015873 0.3214360119047619 0.19146825396825398 0.12699652777777776
7 0.3825661375661376 0.33155257936507937 0.3782308201058201 0.14226934523809523
3 0.6854298941798941 0.2917906746031746 0.22668320105820106 0.16195684523809523
4 0.7172486772486772 0.04774305555555555 0.3432308201058201 0.0954861111111111
2 0.412526455026455 0.030381944444444444 0.37862433862433864 0.06076388888888889