2 0.8264252645502645 0.3599826388888889 0.15478835978835978 0.2550520833333333
2 0.4628670634920635 0.2025719246031746 0.2831646825396825 0.09803571428571428
2 0.22768849206349207 0.19648809523809524 0.2703406084656085 0.10193204365079366
2 0.1969212962962963 0.34790426587301587 0.10406084656084656 0.20916170634920636
2 0.21275462962962963 0.5534126984126985 0.13698743386243387 0.2327455357142857
2 0.12132936507936508 0.5375446428571429 0.15824074074074074 0.22368799603174602
2 0.16721560846560848 0.7033482142857143 0.31049272486772483 0.1064484126984127
2 0.16550925925925927 0.8087276785714286 0.25794312169312167 0.15561755952380954
4 0.3541666666666667 0.759248511904762 0.13380291005291006 0.22202380952380954
4 0.46649801587301587 0.7727827380952381 0.18585648148148148 0.22736111111111112
1 0.5828174603174603 0.7916641865079365 0.15390873015873016 0.1914161706349206
1 0.7043915343915343 0.7982713293650794 0.17405092592592594 0.20085069444444445
1 0.851468253968254 0.7897470238095239 0.17337301587301587 0.22821676587301587
3 0.8602017195767195 0.5740674603174603 0.1782440476190476 0.15593501984126984
6 0.7115608465608466 0.5776488095238095 0.15437169312169313 0.199952876984127
6 0.5707275132275133 0.5803497023809523 0.1738260582010582 0.20157242063492065
6 0.46269179894179896 0.5678943452380952 0.1454861111111111 0.18800347222222222
6 0.35756944444444444 0.5534350198412697 0.17966600529100527 0.19310267857142857
3 0.32500661375661377 0.3616641865079365 0.13469907407407408 0.15446676587301586
7 0.45513558201058196 0.3840376984126984 0.14045304232804234 0.2143328373015873
7 0.5674239417989418 0.3830109126984127 0.15966269841269842 0.22928819444444445
7 0.6939219576719577 0.3628943452380953 0.16067129629629628 0.21740575396825398
2 0.04050925925925926 0.24966765873015873 0.08101851851851852 0.09590277777777778