7 0.6244510582010582 0.6501066468253969 0.3421031746031746 0.13373015873015875
7 0.23909060846560845 0.6589161706349206 0.3562367724867725 0.17213541666666665
7 0.23833664021164022 0.5470684523809525 0.2859986772486773 0.2585590277777778
7 0.37859788359788366 0.4968874007936508 0.2760813492063492 0.2629563492063492
7 0.4992857142857143 0.4022222222222222 0.2901984126984127 0.10438988095238094
7 0.7879398148148148 0.3984151785714286 0.3353968253968254 0.1408358134920635
7 0.3502612433862434 0.2399454365079365 0.14291335978835978 0.22797123015873014
7 0.8899371693121694 0.10774801587301587 0.22012566137566136 0.2113392857142857
1 0.8498247354497355 0.23531001984126984 0.207526455026455 0.21537450396825397
1 0.5782771164021164 0.3278149801587302 0.26083994708994707 0.16093253968253968
3 0.9270734126984126 0.5426388888888889 0.1458531746031746 0.14743551587301587
4 0.5072784391534392 0.23410714285714285 0.20087632275132278 0.18303571428571427
4 0.6136507936507937 0.5051289682539682 0.15950727513227514 0.13460813492063492
0 0.8225429894179894 0.533764880952381 0.052080026455026456 0.04987351190476191
8 0.6105026455026455 0.2273313492063492 0.11244047619047619 0.05308531746031746