2 0.7053571428571429 0.35056299603174607 0.18386243386243387 0.2695758928571429
2 0.6833399470899472 0.17781746031746032 0.39776124338624336 0.13986359126984127
2 0.29770502645502644 0.17814236111111112 0.3143287037037037 0.10578869047619048
2 0.0818452380952381 0.15966517857142856 0.1636904761904762 0.10355654761904762
2 0.04298941798941799 0.3383630952380952 0.08597883597883597 0.2228546626984127
2 0.053736772486772486 0.5824727182539683 0.10747354497354497 0.22744295634920633
2 0.05704365079365079 0.7377852182539683 0.11408730158730158 0.08667906746031746
3 0.7535780423280424 0.599295634920635 0.17779100529100528 0.1643625992063492
3 0.15601851851851853 0.35202132936507935 0.1764517195767196 0.18320684523809525
7 0.29916666666666664 0.3781423611111111 0.17835978835978836 0.23793154761904764
7 0.4373148148148148 0.370500992063492 0.20002645502645502 0.26480902777777776
7 0.5636309523809524 0.35841765873015874 0.17157738095238095 0.24560267857142856
6 0.596550925925926 0.5887003968253968 0.16466600529100528 0.22750248015873015
6 0.45606150793650796 0.5984945436507937 0.16807539682539682 0.2222891865079365
6 0.322906746031746 0.5818204365079366 0.1497850529100529 0.21125992063492063
6 0.18930555555555556 0.5848040674603174 0.20334656084656083 0.21722718253968254
4 0.35148809523809527 0.819578373015873 0.15072751322751324 0.25026785714285715
4 0.21203703703703705 0.8271205357142857 0.17275132275132274 0.21574900793650792
1 0.4587400793650794 0.823030753968254 0.19988425925925926 0.2422891865079365
1 0.611547619047619 0.832125496031746 0.19795965608465607 0.21335565476190477
1 0.7457638888888889 0.8099107142857143 0.18530753968253968 0.263172123015873