1 0.8102215608465609 0.7778422619047619 0.16110780423280424 0.233328373015873
1 0.6659391534391534 0.7859151785714286 0.14738425925925927 0.18396329365079364
1 0.5384854497354498 0.7649379960317461 0.14093584656084657 0.19630208333333335
4 0.41019841269841273 0.7523412698412698 0.13666335978835978 0.21427579365079366
4 0.29197420634920634 0.7392137896825397 0.11881944444444445 0.19791418650793652
3 0.8246527777777778 0.5605803571428571 0.15568783068783068 0.15623511904761905
6 0.680297619047619 0.5594543650793651 0.15299272486772486 0.2045386904761905
6 0.5360383597883598 0.5563194444444445 0.1726322751322751 0.1989905753968254
6 0.4226587301587301 0.5356622023809524 0.15965939153439154 0.19378968253968254
6 0.3036937830687831 0.5220039682539682 0.18751653439153437 0.18526289682539682
2 0.11194775132275131 0.6641517857142858 0.22389880952380953 0.10102926587301587
2 0.11483796296296296 0.7817137896825397 0.22967592592592592 0.12086309523809524
2 0.15413690476190475 0.505577876984127 0.11856150793650792 0.21523809523809526
2 0.05478835978835979 0.49044890873015873 0.10958002645502646 0.2153125
2 0.14275132275132274 0.2849206349206349 0.13816468253968253 0.21232638888888888
2 0.18228505291005292 0.12671130952380952 0.2711607142857143 0.09325892857142856
2 0.44966600529100526 0.1451860119047619 0.29938161375661376 0.09531001984126984
2 0.7926455026455027 0.16579117063492063 0.3391699735449736 0.09757192460317461
2 0.8169113756613757 0.38082589285714286 0.13906084656084655 0.136827876984127
7 0.6834854497354498 0.3801785714285715 0.1449239417989418 0.13306795634920635
7 0.5444080687830688 0.33787946428571425 0.11907407407407407 0.22705357142857144
7 0.42338624338624337 0.33953869047619045 0.12259589947089948 0.21178323412698413
3 0.2877876984126984 0.31460069444444444 0.13741071428571427 0.15756944444444446