1 0.7534193121693122 0.8268005952380952 0.15260251322751323 0.2247643849206349
1 0.6138392857142857 0.835701884920635 0.15894179894179894 0.1876016865079365
1 0.49112764550264554 0.8223214285714285 0.1512929894179894 0.1925297619047619
4 0.379781746031746 0.8159300595238095 0.1448346560846561 0.2120560515873016
4 0.26298280423280423 0.8054960317460318 0.13823743386243387 0.20672619047619048
3 0.7530588624338624 0.6143030753968254 0.14631613756613757 0.13734375
3 0.23482804232804233 0.4145510912698413 0.14557539682539683 0.15630208333333334
6 0.6136640211640212 0.6137450396825397 0.15318783068783068 0.2026264880952381
6 0.47810515873015874 0.6197073412698413 0.15770502645502646 0.19325396825396826
6 0.37250992063492067 0.6085143849206349 0.14697751322751323 0.18089285714285713
6 0.26921626984126984 0.596470734126984 0.14252314814814815 0.18061011904761906
2 0.7165707671957672 0.4000644841269841 0.15352843915343914 0.21252232142857141
2 0.05470899470899471 0.7531249999999999 0.10941798941798941 0.09744295634920634
2 0.12204034391534392 0.5938789682539682 0.12212962962962963 0.20424107142857142
2 0.03466269841269841 0.5882415674603174 0.06932539682539682 0.20545386904761903
2 0.0953373015873016 0.39269841269841266 0.15010912698412698 0.18559027777777776
2 0.09856150793650795 0.8665128968253969 0.19711970899470901 0.11999503968253968
2 0.13493386243386243 0.2489236111111111 0.25149140211640214 0.09692212301587302
2 0.3811640211640212 0.2522792658730159 0.27621031746031743 0.08734375
2 0.690459656084656 0.25327876984126985 0.3000925925925926 0.09937003968253968
7 0.60244708994709 0.40916914682539685 0.15915013227513228 0.21820188492063491
7 0.47825396825396826 0.42021825396825396 0.15132275132275133 0.19895833333333335
7 0.36789021164021163 0.4222891865079365 0.142744708994709 0.19934275793650794