8 0.7396097883597883 0.7299900793650794 0.1730026455026455 0.29926587301587304
8 0.7048776455026455 0.42856894841269844 0.35854497354497356 0.13541170634920635
8 0.6687334656084656 0.343702876984127 0.42476521164021164 0.14177083333333335
8 0.6324140211640212 0.2381200396825397 0.345515873015873 0.11165674603174602
8 0.7727678571428571 0.14758184523809523 0.388125 0.1562748015873016
8 0.7253736772486773 0.042028769841269846 0.3660879629629629 0.08406001984126985
8 0.2543154761904762 0.11229662698412697 0.1845601851851852 0.22459573412698414
8 0.16927910052910053 0.43858630952380956 0.3352546296296296 0.16536706349206348
8 0.40447751322751324 0.5788839285714286 0.3691435185185185 0.1781076388888889
8 0.6400165343915344 0.6362127976190476 0.24167328042328043 0.25556299603174604
8 0.38851851851851854 0.7026190476190476 0.35706679894179894 0.23956349206349206
8 0.4842592592592593 0.8344295634920635 0.41296626984126983 0.22292906746031746
8 0.37333002645502644 0.25039930555555556 0.3961276455026455 0.18085813492063493
8 0.06779100529100529 0.2994890873015873 0.13558201058201058 0.17239087301587303
4 0.4525066137566138 0.11040426587301587 0.32183862433862437 0.18345982142857145
7 0.15376984126984128 0.8764930555555556 0.30753968253968256 0.15375
7 0.8893849206349206 0.7884201388888888 0.22123015873015872 0.21523065476190475
7 0.13447089947089946 0.7160615079365079 0.2623280423280423 0.18956349206349207
1 0.9290674603174603 0.5300347222222223 0.14186507936507936 0.23665674603174605
2 0.10272156084656084 0.12583333333333332 0.20544642857142856 0.15990327380952382
2 0.12483465608465609 0.549702380952381 0.24966931216931218 0.1853199404761905
3 0.3939814814814815 0.42877976190476186 0.22579034391534392 0.16311507936507935