8 0.8902744708994709 0.21625992063492064 0.21944775132275132 0.2002157738095238
8 0.868938492063492 0.31349950396825393 0.26212632275132275 0.27228422619047615
8 0.7586177248677248 0.08982638888888889 0.4196891534391535 0.17965029761904763
8 0.17173611111111112 0.23801587301587301 0.3434689153439154 0.33549107142857143
7 0.2612169312169312 0.49871527777777774 0.5224305555555555 0.19197916666666665
7 0.16037698412698415 0.8265997023809524 0.3207539682539683 0.31573164682539684
4 0.1421362433862434 0.6865029761904762 0.28427579365079364 0.20254960317460316
1 0.8424371693121694 0.5344022817460318 0.3151256613756614 0.3078720238095238
6 0.5250628306878307 0.6756894841269842 0.4806911375661375 0.21178819444444444
6 0.5622255291005291 0.8710739087301588 0.495843253968254 0.252594246031746
6 0.5137731481481482 0.39658234126984127 0.2759060846560847 0.32751984126984124
3 0.11839947089947091 0.38373015873015875 0.23679563492063493 0.10151537698412698
1 0.3113822751322751 0.3728472222222222 0.2001388888888889 0.11794890873015873
4 0.15625 0.6775967261904763 0.3125 0.2237624007936508