8 0.791005291005291 0.2303794642857143 0.41798941798941797 0.3392286706349206
1 0.45385251322751324 0.10788690476190477 0.3918981481481481 0.21577380952380953
7 0.32636243386243385 0.20312251984126983 0.25920965608465607 0.1408705357142857
4 0.6271263227513227 0.3829712301587302 0.47382605820105816 0.20294642857142856
4 0.8116732804232805 0.5345386904761905 0.37665343915343913 0.2803893849206349
6 0.24174933862433862 0.4088888888888889 0.3909093915343915 0.36639136904761904
3 0.10664682539682539 0.8812375992063493 0.21329365079365079 0.23156994047619048
7 0.3501455026455026 0.8103720238095238 0.43066137566137563 0.2567361111111111
3 0.7647123015873015 0.7526488095238095 0.46991732804232805 0.2506547619047619
1 0.21246693121693122 0.6691195436507936 0.42493386243386244 0.23418154761904764
8 0.22342261904761904 0.44166666666666665 0.4369212962962963 0.3145833333333334