7 0.36117063492063495 0.8000545634920635 0.38834656084656083 0.1541765873015873
7 0.3609722222222222 0.6127554563492064 0.404484126984127 0.17392609126984127
2 0.3719775132275132 0.4654786706349206 0.34713293650793653 0.19434771825396827
8 0.6575694444444444 0.5260763888888889 0.37267526455026456 0.12953621031746032
8 0.6238161375661376 0.6642261904761905 0.3452050264550265 0.22079613095238096
8 0.7595072751322751 0.7709623015873016 0.3614484126984127 0.2323983134920635
8 0.5052017195767196 0.11546626984126984 0.20022156084656084 0.2110887896825397
8 0.2983928571428571 0.19245039682539683 0.29586309523809523 0.19888640873015873
8 0.8601322751322751 0.44150297619047624 0.17926256613756614 0.24064236111111112
8 0.823667328042328 0.14500248015873016 0.2849007936507936 0.200719246031746
8 0.637066798941799 0.25124007936507936 0.24900462962962963 0.15476190476190477
8 0.6346660052910053 0.05704365079365079 0.23097222222222225 0.11408730158730158
8 0.45050264550264546 0.38031746031746033 0.3329166666666667 0.1620188492063492
8 0.8347982804232804 0.29218253968253965 0.3203935185185185 0.11313244047619048
8 0.4311937830687831 0.2070411706349206 0.28368055555555555 0.17371775793650793
8 0.8488756613756614 0.021701388888888888 0.30224867724867727 0.043402777777777776
3 0.7033730158730159 0.3973735119047619 0.25316468253968255 0.15515625
2 0.36591600529100526 0.05952380952380952 0.2986342592592593 0.11904761904761904
8 0.8893981481481481 0.5488715277777778 0.22120370370370368 0.18711061507936508
4 0.7089153439153439 0.11396825396825397 0.3101785714285714 0.14900545634920634
1 0.9604265873015873 0.32509920634920636 0.07915013227513228 0.2061904761904762