2 0.7185218253968254 0.17184771825396825 0.32422949735449735 0.10571428571428572
2 0.7599206349206349 0.34302083333333333 0.15875992063492061 0.23772321428571427
2 0.3678869047619048 0.16108878968253967 0.3019543650793651 0.0974751984126984
2 0.10904761904761905 0.1437251984126984 0.2180919312169312 0.09130704365079365
2 0.05921626984126984 0.31826636904761907 0.11843253968253968 0.21617559523809524
2 0.08000330687830688 0.5450297619047619 0.12601521164021165 0.22453373015873018
2 0.07999669312169312 0.7141344246031746 0.15999338624338624 0.1102281746031746
2 0.08625330687830687 0.838812003968254 0.17250661375661375 0.1115873015873016
4 0.23699735449735448 0.7843526785714287 0.12719246031746032 0.22118055555555555
4 0.3652943121693122 0.7928273809523809 0.14513227513227514 0.2290327380952381
1 0.5001818783068783 0.7974875992063492 0.16463624338624339 0.21166914682539684
1 0.6276388888888889 0.8167633928571428 0.16212962962962962 0.19859126984126985
1 0.7789054232804232 0.799141865079365 0.15361111111111111 0.23718501984126986
3 0.7784556878306879 0.5772395833333333 0.15092261904761906 0.14871775793650793
6 0.6346660052910053 0.5800446428571429 0.15741402116402115 0.19673859126984128
6 0.47950727513227515 0.5847470238095238 0.16530092592592593 0.1947048611111111
6 0.361140873015873 0.5670585317460318 0.15648809523809526 0.19522569444444443
6 0.2287367724867725 0.5558978174603175 0.18038690476190478 0.18871775793650794
7 0.3501289682539682 0.35681299603174604 0.12016203703703704 0.22489087301587302
7 0.4731117724867725 0.3595535714285714 0.1292691798941799 0.23147569444444444
7 0.6111441798941799 0.3503968253968254 0.13629298941798942 0.23571180555555554
3 0.20168650793650794 0.3391641865079365 0.13522486772486772 0.17505208333333333