7 0.4024437830687831 0.8590128968253968 0.5211706349206349 0.2487425595238095
7 0.39719576719576716 0.6137127976190475 0.3332506613756614 0.25074900793650795
7 0.4270535714285715 0.45791418650793647 0.18942129629629628 0.17178075396825396
7 0.10747354497354497 0.46470734126984126 0.21494708994708994 0.19409722222222223
7 0.29228174603174606 0.1803422619047619 0.21749669312169315 0.10274801587301587
3 0.7475958994708994 0.7644890873015873 0.2938293650793651 0.2468154761904762
3 0.9315476190476191 0.8391617063492064 0.13690476190476192 0.3216765873015873
1 0.8717559523809524 0.31314484126984127 0.23400132275132277 0.1574404761904762
4 0.5692294973544973 0.35082589285714283 0.4587632275132275 0.14904265873015873
1 0.42625992063492063 0.08544890873015873 0.3168088624338624 0.17089781746031746
8 0.9348544973544973 0.16389632936507936 0.1302910052910053 0.077296626984127
6 0.1099537037037037 0.6170411706349206 0.2199074074074074 0.1696875
4 0.12152777777777778 0.7343030753968254 0.24305555555555555 0.3642286706349206