6 0.36836640211640215 0.8612624007936508 0.4688723544973545 0.2464905753968254
1 0.7337533068783069 0.5389930555555555 0.2571858465608466 0.33642113095238096
8 0.8497023809523809 0.28229414682539683 0.3005952380952381 0.27689236111111115
8 0.8075396825396826 0.2580580357142857 0.38492063492063494 0.19617559523809525
8 0.6268650793650794 0.08990575396825397 0.39309193121693126 0.17981150793650794
7 0.07523148148148148 0.3488938492063492 0.15046296296296297 0.20423611111111112
6 0.3217757936507936 0.5287996031746032 0.2691501322751323 0.18744047619047619
6 0.2553968253968254 0.23066468253968253 0.20325727513227512 0.31996031746031744
4 0.9034391534391535 0.5916195436507936 0.1931216931216931 0.3722271825396825
7 0.2327744708994709 0.6609424603174603 0.32334986772486773 0.17605158730158732
3 0.564156746031746 0.5111235119047619 0.18584986772486772 0.21123511904761905