7 0.8993055555555556 0.2514236111111111 0.2013888888888889 0.12338293650793651
7 0.7038260582010581 0.5355704365079366 0.19072089947089949 0.2427703373015873
7 0.6453009259259259 0.8850446428571429 0.20924933862433862 0.22991071428571427
7 0.8005125661375662 0.9086061507936508 0.1691468253968254 0.1827876984126984
7 0.34034722222222225 0.7967757936507937 0.29709656084656083 0.1451388888888889
7 0.6163392857142856 0.731545138888889 0.26533730158730157 0.2457390873015873
7 0.35251984126984126 0.43625992063492064 0.27844907407407404 0.19295882936507935
7 0.947255291005291 0.9396081349206349 0.105489417989418 0.12078373015873016
4 0.8795138888888889 0.7238541666666667 0.21802248677248676 0.2795560515873016
4 0.21117724867724869 0.2228670634920635 0.3132308201058201 0.15555803571428573
4 0.42351190476190476 0.7091443452380952 0.2650165343915344 0.12612599206349207
4 0.5964847883597884 0.5656845238095238 0.13807539682539682 0.10458333333333333
1 0.8819444444444444 0.3770188492063492 0.2361111111111111 0.12903521825396824
1 0.5023181216931217 0.4480753968253969 0.28374007936507933 0.1198611111111111
1 0.5638095238095239 0.6641517857142858 0.205 0.19487103174603176
3 0.6800363756613756 0.2773784722222222 0.1828207671957672 0.16289186507936507
8 0.3648048941798942 0.3191294642857143 0.29641203703703706 0.19183035714285715
8 0.10186838624338625 0.4215749007936508 0.17727843915343916 0.21815228174603177
6 0.8935185185185185 0.5152207341269841 0.21296296296296297 0.19215029761904762