6 0.4433829365079365 0.4487574404761905 0.4337235449735449 0.3965252976190476
1 0.6425330687830688 0.11284722222222222 0.44112433862433864 0.22569444444444445
3 0.8976521164021164 0.9061259920634921 0.2046957671957672 0.18774801587301587
4 0.7645502645502645 0.42911954365079363 0.4708994708994709 0.22332093253968252
4 0.8174603174603174 0.6818005952380952 0.36507936507936506 0.2996155753968254
7 0.42925925925925923 0.20924851190476193 0.3426421957671958 0.15063988095238096
7 0.20833994708994708 0.6812524801587302 0.21165343915343915 0.18690724206349207
7 0.5288558201058201 0.8688616071428571 0.376494708994709 0.2322668650793651
7 0.5112400793650793 0.7888219246031747 0.2605919312169312 0.06422371031746031
7 0.05237433862433862 0.34150793650793654 0.10474867724867724 0.29363343253968255
7 0.13821097883597883 0.2918650793650793 0.2427579365079365 0.2124032738095238
7 0.12318121693121693 0.5823933531746032 0.24636243386243387 0.2265798611111111
8 0.37404100529100526 0.5297544642857143 0.5695138888888889 0.24849454365079363