2 0.8838690476190477 0.628375496031746 0.1962070105820106 0.20120287698412698
2 0.803181216931217 0.4605133928571428 0.17229166666666668 0.16090525793650792
2 0.6269179894179894 0.47756944444444444 0.2526488095238095 0.09500496031746032
2 0.37988756613756614 0.47421874999999997 0.24892857142857142 0.10215277777777777
2 0.3938690476190476 0.5482390873015873 0.26868386243386244 0.12555803571428573
2 0.19192791005291004 0.5333085317460318 0.1489484126984127 0.1887872023809524
2 0.07130291005291005 0.559955357142857 0.1354265873015873 0.18591765873015872
2 0.8260747354497355 0.9312227182539683 0.31040013227513225 0.13755704365079366
2 0.940324074074074 0.8504786706349207 0.11934854497354498 0.22149553571428574
6 0.5124537037037037 0.9302256944444445 0.26273478835978836 0.12017857142857143
6 0.4419179894179894 0.824672619047619 0.2334755291005291 0.13939484126984125
6 0.4410945767195767 0.7311061507936508 0.22465277777777778 0.12342013888888889
6 0.4277149470899471 0.6442609126984127 0.2307208994708995 0.08141121031746032
4 0.16475529100529102 0.716547619047619 0.2771957671957672 0.15905257936507936
4 0.17136243386243388 0.8047991071428571 0.31400132275132275 0.1739905753968254
4 0.1932043650793651 0.9033730158730159 0.2910085978835979 0.1903373015873016
4 0.20632605820105818 0.9587251984126984 0.2546759259259259 0.08254712301587301
3 0.644047619047619 0.5717584325396825 0.22007275132275134 0.11639880952380952
7 0.6778703703703705 0.6730059523809524 0.27874338624338624 0.14022569444444444
7 0.708343253968254 0.7510962301587302 0.277473544973545 0.1641641865079365
7 0.7707572751322751 0.8446031746031746 0.2903075396825397 0.186202876984127
2 0.672037037037037 0.3112847222222222 0.11950727513227513 0.1398139880952381
8 0.49551917989417993 0.279625496031746 0.2420138888888889 0.10517857142857143
7 0.4789550264550264 0.21197420634920633 0.23217261904761904 0.07883680555555556
4 0.4393551587301587 0.1358779761904762 0.19852843915343915 0.08414682539682539