7 0.47146494708994713 0.3214707341269841 0.5990178571428572 0.30102926587301587
7 0.5364682539682539 0.5157738095238095 0.6286640211640211 0.20513392857142856
7 0.10117063492063492 0.4216964285714286 0.20234126984126985 0.12982886904761906
4 0.6787037037037037 0.12495039682539683 0.5296527777777778 0.24990327380952382
4 0.8018617724867725 0.253953373015873 0.3962731481481481 0.35120039682539683
4 0.945922619047619 0.5931498015873016 0.1081547619047619 0.2180282738095238
1 0.760191798941799 0.9152678571428572 0.30193121693121694 0.1694642857142857
8 0.7914153439153438 0.713720238095238 0.4171660052910053 0.3556944444444445
3 0.5685482804232804 0.9226909722222222 0.2331547619047619 0.15461805555555555
6 0.22436507936507938 0.8989657738095238 0.44873015873015876 0.20207093253968253
6 0.15109126984126983 0.654469246031746 0.2955886243386243 0.36375992063492063