7 0.4612599206349206 0.6564310515873016 0.24130621693121695 0.29847718253968253
7 0.22293650793650793 0.7486135912698413 0.39957671957671953 0.2174652777777778
8 0.4150231481481481 0.11222718253968254 0.22779431216931217 0.2244543650793651
8 0.15523809523809523 0.2250545634920635 0.30386574074074074 0.2640972222222222
8 0.8145734126984127 0.1392559523809524 0.29876322751322754 0.26464037698412696
8 0.5677744708994709 0.4558878968253969 0.4113458994708995 0.14788938492063491
8 0.5582572751322752 0.24831597222222224 0.35924272486772485 0.16925099206349206
8 0.8086607142857143 0.6686830357142858 0.22512566137566137 0.2113764880952381
2 0.22304232804232804 0.5684771825396825 0.4163227513227513 0.26145833333333335
2 0.1995171957671958 0.07006448412698413 0.35784060846560845 0.14012896825396826
8 0.8290343915343915 0.3092063492063492 0.3419312169312169 0.14299603174603173
8 0.3085383597883598 0.23519345238095238 0.23347883597883598 0.2694940476190476
8 0.591577380952381 0.6028397817460318 0.4324900793650793 0.1342534722222222
8 0.5612962962962963 0.8019965277777777 0.4215376984126984 0.28836805555555556
9 0.25351851851851853 0.42568204365079365 0.21603174603174602 0.17180059523809524
4 0.6554431216931217 0.09734623015873016 0.3122089947089947 0.19469246031746032