1 0.8352645502645503 0.22472718253968255 0.30541666666666667 0.3266914682539683
1 0.209484126984127 0.5541195436507936 0.24415674603174606 0.22743303571428572
6 0.3472751322751323 0.4154191468253968 0.4450496031746031 0.1895982142857143
6 0.7110548941798942 0.6042137896825397 0.45906415343915347 0.3109325396825397
6 0.5433664021164022 0.7208730158730159 0.4764814814814815 0.25700396825396826
4 0.2399404761904762 0.7397123015873016 0.47987764550264556 0.2343998015873016
7 0.3602281746031746 0.8477703373015874 0.37926256613756615 0.18407242063492063
7 0.12912037037037036 0.42964533730158727 0.2582440476190476 0.2968402777777778
7 0.18662698412698414 0.20872023809523807 0.35417989417989415 0.28275545634920635
4 0.48560515873015875 0.14195684523809524 0.3053373015873016 0.22264136904761905
8 0.75744708994709 0.05482638888888889 0.48510251322751324 0.10965277777777778
8 0.7251554232804233 0.10399305555555556 0.25683201058201055 0.20798363095238095
3 0.7640641534391535 0.2463095238095238 0.4600033068783069 0.2495610119047619
7 0.47557208994709 0.5377405753968254 0.24677248677248678 0.13615575396825397