7 0.6494146825396825 0.07259424603174602 0.32330026455026456 0.10550347222222221
7 0.7093948412698413 0.4853447420634921 0.17540013227513226 0.2316046626984127
7 0.6833167989417989 0.7116369047619048 0.2224537037037037 0.24519593253968253
7 0.5455952380952381 0.7227033730158731 0.31407738095238097 0.17556299603174602
7 0.5063723544973545 0.6208531746031747 0.3381415343915344 0.15043650793650792
7 0.21747354497354496 0.6080753968253969 0.28944113756613754 0.14224206349206348
7 0.45322089947089944 0.3490897817460317 0.1888458994708995 0.21206845238095237
7 0.4259589947089947 0.5265897817460318 0.14424272486772488 0.21240823412698412
7 0.12770171957671958 0.20865079365079364 0.25540343915343916 0.20896825396825394
3 0.626795634920635 0.23926587301587302 0.1788558201058201 0.1858705357142857
3 0.39781415343915344 0.11692956349206349 0.1772420634920635 0.15201140873015873
1 0.2517592592592593 0.2830431547619048 0.29187830687830685 0.10725694444444443
1 0.3305191798941799 0.46718501984126987 0.19807539682539682 0.16552083333333334
4 0.06283068783068783 0.06634424603174603 0.12566137566137567 0.13268849206349206
4 0.5151785714285715 0.4638988095238095 0.23617724867724868 0.13371031746031747
4 0.21481150793650794 0.5133159722222222 0.247744708994709 0.12137400793650793
4 0.34682208994708996 0.3753472222222222 0.08848544973544974 0.0810515873015873
1 0.5435251322751322 0.16879712301587302 0.2900958994708995 0.11685763888888889