7 0.6394477513227513 0.2521577380952381 0.3496626984126984 0.14717261904761905
7 0.1389781746031746 0.3410987103174603 0.2779563492063492 0.1415252976190476
7 0.1549537037037037 0.897718253968254 0.30660383597883595 0.14117063492063492
7 0.3050462962962963 0.5490699404761904 0.3620767195767196 0.13583829365079367
7 0.4560945767195767 0.7979265873015873 0.40292989417989417 0.16231894841269842
7 0.7533333333333333 0.6943154761904762 0.2665839947089947 0.29736111111111113
8 0.6752876984126984 0.448139880952381 0.21300925925925926 0.26384176587301583
8 0.26379298941798945 0.37048363095238096 0.2299702380952381 0.24989583333333334
8 0.13001984126984129 0.24852926587301588 0.2501223544973545 0.14239583333333333
8 0.08676587301587302 0.548343253968254 0.17353174603174604 0.27079365079365075
8 0.5735912698412698 0.930250496031746 0.4864153439153439 0.13900049603174605
8 0.15128968253968253 0.7513169642857143 0.30257936507936506 0.18635664682539682
8 0.4798809523809524 0.654156746031746 0.20425925925925925 0.1624206349206349
1 0.3704298941798942 0.27102926587301585 0.2679728835978836 0.17251736111111113
3 0.2917096560846561 0.6553149801587301 0.23619708994708993 0.14991319444444445
1 0.4853505291005291 0.37461805555555555 0.26633267195767196 0.14655753968253968