6 0.586491402116402 0.4464012896825397 0.3628009259259259 0.3570907738095238
1 0.8835978835978836 0.32573412698412696 0.2328042328042328 0.3488888888888889
1 0.5797585978835978 0.07378472222222222 0.3054265873015873 0.14756944444444445
1 0.16601851851851854 0.1345486111111111 0.3320370370370371 0.2690972222222222
3 0.5984821428571429 0.6826736111111111 0.3801686507936508 0.23191468253968256
3 0.9298941798941799 0.10364583333333333 0.1402116402116402 0.20729166666666665
7 0.4636011904761905 0.24236855158730158 0.5700628306878307 0.24663938492063492
7 0.1455026455026455 0.26314980158730156 0.291005291005291 0.2227108134920635
7 0.2273478835978836 0.7095932539682539 0.4546957671957672 0.23011656746031747
4 0.19262566137566137 0.4926860119047619 0.38525132275132273 0.20014136904761906
4 0.3378373015873016 0.09362599206349206 0.39906084656084656 0.18725198412698413