7 0.6625231481481482 0.33425347222222224 0.14779431216931216 0.20471974206349206
7 0.5450694444444444 0.33419890873015873 0.11791666666666666 0.21204861111111112
7 0.44287037037037036 0.3456001984126984 0.15161375661375662 0.22492807539682538
2 0.19204034391534391 0.3144072420634921 0.1261441798941799 0.18734375
2 0.7546527777777778 0.183702876984127 0.34197751322751324 0.07474950396825396
2 0.7813690476190477 0.3288690476190476 0.15731481481481482 0.22866815476190477
2 0.4596064814814815 0.1819940476190476 0.28760251322751323 0.09613095238095239
2 0.25123015873015875 0.17308035714285713 0.2709755291005291 0.100625
2 0.053736772486772486 0.22812251984126983 0.10747354497354497 0.09187251984126985
2 0.1869808201058201 0.49895833333333334 0.1358664021164021 0.21418402777777779
2 0.10262896825396826 0.4797123015873016 0.11927910052910053 0.20049603174603173
2 0.12566137566137567 0.6309672619047619 0.25132275132275134 0.10711309523809524
2 0.113260582010582 0.7221552579365079 0.226521164021164 0.11074900793650794
4 0.3009722222222222 0.7012127976190476 0.14228505291005292 0.20946676587301588
4 0.42010582010582015 0.7166641865079365 0.14576719576719577 0.22797123015873014
6 0.3240707671957672 0.5069618055555556 0.13226851851851854 0.1657093253968254
6 0.4151157407407407 0.5055406746031745 0.15893849206349206 0.17030753968253967
6 0.5106051587301587 0.5368179563492063 0.13827380952380952 0.1981423611111111
6 0.6496031746031746 0.5147445436507936 0.19140542328042326 0.1911954365079365
3 0.7659986772486773 0.5969667658730158 0.19270833333333334 0.15226934523809524
1 0.7805456349206349 0.7391071428571429 0.17550925925925925 0.23317460317460317
1 0.6354398148148148 0.7412599206349207 0.14654100529100528 0.2126785714285714
1 0.5307440476190476 0.7215897817460317 0.14217592592592593 0.21054315476190474