1 0.6490079365079364 0.8169444444444445 0.17220568783068782 0.25219494047619045
1 0.4972222222222222 0.8335590277777778 0.16479166666666667 0.21741319444444446
1 0.36072089947089947 0.8137227182539682 0.14802579365079366 0.22686755952380952
4 0.2249107142857143 0.8094419642857144 0.15226521164021165 0.24500496031746033
4 0.08459325396825397 0.7807043650793651 0.1505919312169312 0.20767609126984127
3 0.6615244708994709 0.5831597222222222 0.17207671957671958 0.15508928571428574
6 0.5157705026455026 0.5803968253968254 0.15953373015873015 0.21232886904761905
6 0.3538624338624338 0.5860243055555555 0.18596560846560847 0.2119593253968254
6 0.2301785714285714 0.5677306547619048 0.17932870370370368 0.20354910714285715
6 0.09704034391534391 0.553048115079365 0.1940839947089947 0.2019171626984127
3 0.07764219576719576 0.33442212301587304 0.1449537037037037 0.173687996031746
7 0.23230820105820105 0.3571378968253968 0.14122685185185185 0.22454613095238096
7 0.3606712962962963 0.36033482142857143 0.13139219576719577 0.22624751984126984
7 0.5003439153439153 0.35173363095238097 0.13901124338624338 0.2295014880952381
2 0.6389484126984127 0.34933531746031743 0.14273478835978837 0.24049355158730157
2 0.6035019841269841 0.17916666666666667 0.3273941798941799 0.10935515873015873
2 0.24960648148148146 0.1621279761904762 0.3067989417989418 0.11333829365079366
2 0.05735449735449735 0.13600694444444444 0.1147089947089947 0.08876736111111112