1 0.737774470899471 0.773092757936508 0.14917328042328043 0.23263144841269842
1 0.5946064814814814 0.7903298611111111 0.1505654761904762 0.19177083333333333
1 0.47610780423280424 0.7730084325396825 0.14837301587301588 0.1965873015873016
4 0.3655125661375661 0.7653869047619047 0.1316931216931217 0.2104092261904762
4 0.2511011904761905 0.758844246031746 0.12726851851851853 0.20115079365079364
2 0.09633928571428571 0.8078521825396826 0.19267526455026454 0.11198908730158731
2 0.09089285714285715 0.6961929563492064 0.18178902116402118 0.10026041666666667
2 0.11394841269841269 0.5440525793650793 0.11144179894179894 0.2026016865079365
2 0.03550595238095238 0.536078869047619 0.07101190476190476 0.19964533730158732
2 0.09723544973544974 0.3432886904761905 0.11778108465608467 0.19021329365079367
2 0.12337301587301587 0.19423363095238094 0.2344378306878307 0.09377232142857142
2 0.3696891534391535 0.1990451388888889 0.2839616402116402 0.09969494047619049
2 0.6826025132275132 0.19835317460317461 0.30572420634920633 0.1261532738095238
2 0.7147619047619048 0.35971230158730155 0.15165013227513227 0.2321205357142857
3 0.7374900793650794 0.5680952380952381 0.14944775132275132 0.14417162698412697
6 0.5988359788359788 0.5665575396825397 0.1362962962962963 0.19080109126984127
6 0.4642857142857143 0.5745486111111111 0.15123677248677247 0.187609126984127
6 0.3673313492063492 0.5630753968253969 0.15237764550264551 0.1802876984126984
6 0.2438392857142857 0.5549950396825396 0.1572420634920635 0.18401041666666665
7 0.352526455026455 0.37452628968253965 0.13128306878306878 0.19943204365079364
7 0.46193121693121697 0.37171875 0.14558531746031747 0.20517857142857143
7 0.5886970899470899 0.3603844246031746 0.14726190476190476 0.20167906746031744
3 0.22310185185185183 0.3623338293650794 0.1233399470899471 0.1587127976190476