4 0.7209589947089946 0.13439980158730158 0.30434854497354497 0.10511160714285714
4 0.6121164021164021 0.4970188492063492 0.3313789682539683 0.17062748015873017
4 0.116140873015873 0.6471205357142857 0.232281746031746 0.1732093253968254
4 0.25349867724867725 0.3394667658730159 0.275515873015873 0.22010416666666668
4 0.34270502645502643 0.22907738095238095 0.2621296296296296 0.13821676587301587
4 0.4850892857142857 0.29125 0.1467691798941799 0.2179141865079365
4 0.5894940476190477 0.27087549603174604 0.19684193121693122 0.16972718253968255
4 0.6689980158730159 0.22754960317460318 0.1905059523809524 0.12027777777777778
4 0.9125330687830688 0.1920808531746032 0.17493386243386244 0.1931919642857143
4 0.5705654761904763 0.6806944444444444 0.2052843915343915 0.1709126984126984
4 0.941468253968254 0.06417906746031746 0.11706349206349206 0.12835813492063491
3 0.23104828042328043 0.6887351190476191 0.16447751322751322 0.16219246031746032
3 0.9274140211640212 0.7345114087301587 0.14517195767195767 0.18678323412698414
7 0.4002380952380952 0.4860987103174603 0.16886243386243385 0.15870535714285713
7 0.778885582010582 0.7582266865079366 0.26478174603174603 0.1672470238095238
7 0.7679464285714286 0.31140625 0.2098313492063492 0.1863020833333333
1 0.802853835978836 0.4337698412698413 0.13745370370370372 0.16813740079365078
1 0.6022486772486773 0.3911706349206349 0.14629629629629629 0.13749751984126984
8 0.4052116402116402 0.14462549603174604 0.34084656084656084 0.1156374007936508
8 0.45139219576719575 0.05084325396825397 0.15541666666666668 0.10168650793650794
8 0.6178174603174603 0.034722222222222224 0.16648148148148148 0.06944444444444445
8 0.9348544973544973 0.3844816468253968 0.1302910052910053 0.215890376984127
8 0.843915343915344 0.568154761904762 0.31216931216931215 0.11200396825396826
8 0.6065674603174603 0.808358134920635 0.2636078042328042 0.2799082341269841
8 0.32703703703703707 0.6450173611111111 0.31814484126984127 0.24270089285714286
2 0.1726984126984127 0.4746006944444444 0.25941468253968253 0.2820411706349206
2 0.27680886243386243 0.045882936507936505 0.25599867724867725 0.09176587301587301