1 0.744672619047619 0.4887797619047619 0.41962301587301587 0.34484126984126984
8 0.8006382275132276 0.2424156746031746 0.39872354497354495 0.35879464285714285
8 0.8161838624338624 0.19312996031746033 0.367635582010582 0.22092757936507937
7 0.21938492063492063 0.4263715277777778 0.43876984126984125 0.2677157738095238
7 0.13821097883597883 0.05219742063492064 0.19837962962962963 0.10439236111111112
8 0.17805224867724867 0.2504613095238095 0.35610449735449734 0.21794642857142857
6 0.31426587301587305 0.30387152777777776 0.30775462962962963 0.17003224206349207
6 0.41385912698412697 0.6328249007936508 0.45889550264550266 0.18250496031746033
6 0.46645502645502646 0.8297395833333334 0.4505224867724868 0.2774578373015873
6 0.1909623015873016 0.5765699404761905 0.31409391534391534 0.19823412698412698
4 0.09432539682539683 0.6651264880952381 0.18865079365079365 0.2340575396825397
7 0.1310648148148148 0.825297619047619 0.2621329365079365 0.252859623015873