7 0.8072850529100529 0.6978323412698413 0.27197751322751323 0.12334325396825396
7 0.20345238095238097 0.7018874007936509 0.3043948412698413 0.11161210317460317
7 0.6234391534391535 0.06413938492063492 0.2312929894179894 0.07261160714285714
7 0.2055522486772487 0.5812996031746033 0.31520502645502646 0.11349206349206349
8 0.6496494708994709 0.4565699404761905 0.24161044973544973 0.0647718253968254
8 0.6253703703703704 0.39137648809523806 0.2249404761904762 0.08305803571428572
8 0.6205390211640212 0.3333730158730159 0.20695767195767198 0.07829861111111111
8 0.7063756613756613 0.2716889880952381 0.2112070105820106 0.11503472222222222
8 0.7047123015873017 0.1839558531746032 0.22854497354497355 0.11215277777777778
8 0.3848015873015873 0.22171378968253969 0.10560185185185185 0.14088789682539682
8 0.28518849206349206 0.4241493055555556 0.22104828042328045 0.11221478174603175
8 0.4254596560846561 0.520672123015873 0.2340509259259259 0.09735863095238095
8 0.41424933862433866 0.5972098214285714 0.24906084656084654 0.11524553571428572
8 0.6423974867724868 0.6602901785714286 0.14116071428571428 0.20398065476190477
8 0.4672685185185185 0.7055357142857143 0.3107407407407407 0.1181671626984127
8 0.56432208994709 0.5742509920634921 0.16799603174603173 0.1518998015873016
8 0.4337202380952381 0.32151041666666663 0.20066468253968253 0.08680059523809525
8 0.18148809523809525 0.3491741071428571 0.2396031746031746 0.12237351190476191
2 0.24137566137566135 0.22718253968253968 0.23046296296296295 0.1071155753968254
4 0.49421296296296297 0.2382762896825397 0.2190707671957672 0.0991517857142857
1 0.8159027777777778 0.5363665674603175 0.14023148148148148 0.15366815476190476
4 0.6542956349206349 0.017829861111111112 0.1413558201058201 0.035659722222222225
1 0.6994014550264549 0.12350198412698413 0.17854497354497353 0.06811259920634921
3 0.4623148148148148 0.4362673611111111 0.1523313492063492 0.09805803571428572
2 0.22569113756613757 0.4868353174603175 0.231765873015873 0.13592757936507935