7 0.48617063492063495 0.7532291666666666 0.47299933862433857 0.2390972222222222
7 0.40134920634920634 0.5913839285714286 0.4786243386243386 0.2378298611111111
2 0.31845568783068784 0.43818452380952383 0.4120436507936508 0.12736111111111112
2 0.12783068783068782 0.1297470238095238 0.25566468253968255 0.12804811507936506
8 0.646875 0.5456994047619048 0.2388558201058201 0.23326636904761905
8 0.3544973544973545 0.35203125 0.3683862433862434 0.09890625
8 0.24958994708994708 0.22536706349206348 0.2180919312169312 0.15938492063492063
8 0.6495337301587302 0.21556299603174603 0.2970833333333333 0.08638392857142857
8 0.752361111111111 0.14294146825396825 0.3208564814814815 0.05026785714285714
8 0.7371825396825397 0.07908730158730158 0.2971164021164021 0.07632688492063493
8 0.524262566137566 0.033546626984126984 0.2449537037037037 0.029893353174603173
4 0.4523181216931217 0.1143030753968254 0.26641203703703703 0.12691964285714286
8 0.8302149470899471 0.6062227182539682 0.2979927248677249 0.2650223214285714
8 0.8710152116402116 0.3861532738095238 0.2576058201058201 0.19195188492063492
8 0.8967361111111111 0.2328000992063492 0.19955687830687832 0.13077876984126982
8 0.9053869047619048 0.14985863095238094 0.1708068783068783 0.133546626984127
8 0.2974404761904762 0.1440922619047619 0.24104828042328041 0.14185267857142858
8 0.10301256613756614 0.24875992063492064 0.20602513227513228 0.18998015873015872
8 0.43901124338624337 0.22300099206349205 0.21333994708994708 0.13846230158730158
3 0.583776455026455 0.31077876984126984 0.23463955026455025 0.13980654761904762
1 0.7811772486772487 0.22432539682539682 0.1793716931216931 0.14714781746031744
8 0.9680952380952381 0.5036135912698413 0.06380952380952382 0.22561011904761905
8 0.7230092592592593 0.32343253968253965 0.2603207671957672 0.15441220238095238