4 0.1926025132275132 0.6139905753968254 0.3488293650793651 0.1466294642857143
4 0.2078042328042328 0.4297445436507937 0.3329365079365079 0.24689236111111112
4 0.2144940476190476 0.11728422619047618 0.3297850529100529 0.1800049603174603
4 0.11883267195767197 0.2371031746031746 0.23766203703703706 0.2311483134920635
4 0.09633267195767196 0.3599404761904762 0.18935846560846561 0.13704365079365077
4 0.59567791005291 0.49757936507936507 0.1893716931216931 0.20646825396825397
4 0.412146164021164 0.5625644841269842 0.20921296296296296 0.17026785714285714
4 0.7756415343915344 0.09424355158730159 0.22191468253968255 0.18848710317460318
4 0.6953306878306877 0.2707043650793651 0.26301256613756613 0.1867485119047619
4 0.5454761904761904 0.05952380952380952 0.3568253968253968 0.11904761904761904
4 0.8775628306878307 0.10591765873015874 0.14963624338624337 0.14530753968253968
4 0.9704034391534392 0.7506001984126984 0.05919312169312169 0.1296701388888889
7 0.3680357142857143 0.24198412698412697 0.19374338624338625 0.23099454365079367
7 0.6010978835978836 0.36419890873015875 0.2928075396825397 0.22988343253968255
7 0.42962962962962964 0.41219742063492065 0.27724867724867724 0.17211309523809526
7 0.44584325396825397 0.46789930555555553 0.21377645502645504 0.12478670634920634
7 0.9422949735449735 0.08731894841269841 0.11541005291005291 0.17463789682539682
8 0.530760582010582 0.7314955357142857 0.36376984126984124 0.16091021825396826
8 0.8959986772486772 0.28117063492063493 0.2080026455026455 0.18287698412698414
8 0.8105456349206349 0.4470858134920635 0.21897817460317462 0.1774032738095238
8 0.6229265873015873 0.14480902777777777 0.21080026455026457 0.12344494047619048
8 0.2884887566137566 0.052078373015873015 0.21653108465608464 0.10415674603174603
8 0.8778108465608465 0.6015575396825397 0.2443783068783069 0.11928571428571429