8 0.525707671957672 0.412827380952381 0.15992063492063494 0.20713045634920635
8 0.8051025132275133 0.38815724206349206 0.3179166666666667 0.11732390873015873
8 0.9322585978835979 0.30325892857142855 0.13547949735449735 0.1922420634920635
8 0.4374537037037037 0.23218501984126982 0.29684854497354496 0.07321676587301587
8 0.6238095238095238 0.1803621031746032 0.24565145502645502 0.11793650793650794
8 0.3248710317460317 0.6755332341269841 0.4056746031746032 0.16604166666666667
8 0.8568088624338623 0.6515674603174603 0.24149470899470898 0.2761185515873016
8 0.1622883597883598 0.16894593253968254 0.2937466931216931 0.12979166666666667
8 0.355515873015873 0.12633680555555554 0.12269179894179894 0.17174603174603176
8 0.5139616402116403 0.07751488095238096 0.2391931216931217 0.10107886904761905
8 0.5738458994708995 0.516282242063492 0.3255654761904762 0.13464781746031745
8 0.21268518518518517 0.3211111111111111 0.27931878306878305 0.15857886904761903
8 0.3152943121693122 0.4481547619047619 0.3171560846560847 0.10436755952380952
8 0.2452116402116402 0.5594618055555556 0.36710317460317454 0.12273561507936508
8 0.6951785714285713 0.06600198412698413 0.22946097883597882 0.08190228174603174
8 0.8604166666666667 0.16981894841269843 0.27696759259259257 0.06794890873015874
8 0.7581514550264551 0.2422891865079365 0.2497089947089947 0.1165451388888889
8 0.5938690476190476 0.30371031746031746 0.3065178571428571 0.10450892857142857
8 0.5738723544973545 0.6845510912698413 0.317906746031746 0.2361061507936508
2 0.2551554232804233 0.06769593253968254 0.27221560846560844 0.07834821428571428
7 0.7824768518518519 0.7902703373015872 0.4141600529100529 0.22885168650793652
7 0.07133267195767196 0.6543253968253968 0.1426686507936508 0.1454563492063492
7 0.09634920634920635 0.4866889880952381 0.19269510582010582 0.11772569444444445
1 0.7707208994708994 0.5611979166666666 0.15150462962962963 0.2059747023809524
1 0.9236904761904762 0.47867063492063494 0.15261904761904763 0.17770089285714286
2 0.12643849206349206 0.38113839285714285 0.2515707671957672 0.16728670634920634
3 0.3851190476190476 0.35193204365079367 0.15538359788359787 0.13231894841269842
4 0.5210251322751323 0.13497519841269842 0.28178902116402116 0.10573660714285714
8 0.8758267195767195 0.03909970238095238 0.2354563492063492 0.07819940476190476
1 0.683614417989418 0.3460639880952381 0.1655787037037037 0.15176339285714285
0 0.5976752645502645 0.5679637896825397 0.04583002645502646 0.03202876984126984