6 0.7085185185185185 0.555250496031746 0.4679629629629629 0.31188988095238096
6 0.5113227513227513 0.6786532738095238 0.4207936507936508 0.22883432539682538
6 0.3727744708994709 0.354327876984127 0.4843022486772487 0.16798115079365078
6 0.19047619047619047 0.15494295634920635 0.3544940476190476 0.3049231150793651
1 0.19743716931216929 0.501984126984127 0.21960978835978837 0.22272073412698412
4 0.22569444444444445 0.6830803571428571 0.4513888888888889 0.21784722222222222
7 0.3624007936507937 0.8000099206349206 0.39623015873015877 0.1683308531746032
7 0.12731481481481483 0.37243799603174604 0.25462962962962965 0.31828869047619046
1 0.8364748677248677 0.16036210317460317 0.32705026455026454 0.32072420634920634
3 0.7703373015873016 0.20005208333333332 0.4593253968253968 0.24385416666666668
4 0.5239186507936507 0.10160962301587302 0.49227843915343916 0.16601686507936508