8 0.5845833333333333 0.4379141865079365 0.1554861111111111 0.15604910714285716
8 0.7386541005291005 0.3427207341269841 0.16846230158730158 0.09089285714285715
8 0.7935515873015873 0.2739360119047619 0.23102843915343915 0.07856150793650793
8 0.6366468253968254 0.18614831349206348 0.23093915343915344 0.06743303571428572
8 0.7798048941798942 0.10142857142857142 0.22377645502645505 0.10039186507936507
8 0.25584986772486773 0.32634672619047617 0.16593584656084656 0.18211805555555555
8 0.2388095238095238 0.48726438492063495 0.24991732804232805 0.14975198412698412
8 0.484728835978836 0.7112748015873016 0.2880456349206349 0.13351934523809525
8 0.6029232804232805 0.5900669642857143 0.2714384920634921 0.0973015873015873
8 0.34433862433862433 0.2567757936507936 0.1083068783068783 0.14460069444444443
8 0.4562169312169312 0.20809275793650792 0.15829695767195767 0.11795882936507937
8 0.6734887566137566 0.25505952380952385 0.13008267195767195 0.15019345238095239
8 0.8705522486772488 0.3851264880952381 0.14714285714285713 0.14978174603174602
8 0.7852314814814815 0.46718750000000003 0.23701719576719577 0.12582093253968255
8 0.8898148148148148 0.6789657738095238 0.1736706349206349 0.21259176587301587
8 0.1470568783068783 0.7520262896825397 0.28382936507936507 0.09397569444444445
8 0.16588955026455027 0.3154265873015873 0.2273478835978836 0.1385218253968254
8 0.42367063492063495 0.3486532738095238 0.24232142857142855 0.10342757936507936
8 0.6316501322751322 0.3707043650793651 0.19379960317460315 0.13724454365079367
2 0.12521164021164022 0.5336681547619048 0.25042328042328044 0.13923611111111112
2 0.2372255291005291 0.20054563492063493 0.25506944444444446 0.08487103174603175
7 0.38305555555555554 0.6402058531746032 0.23993055555555554 0.19805803571428574
7 0.1622420634920635 0.6261334325396826 0.3176322751322751 0.13648809523809524
8 0.4249272486772487 0.42134424603174603 0.15157738095238096 0.1735044642857143
3 0.5168088624338624 0.5069295634920635 0.14579695767195766 0.0998983134920635
3 0.690406746031746 0.6433308531746031 0.14677248677248678 0.11946924603174602
1 0.9000892857142857 0.5319890873015873 0.1202281746031746 0.14583829365079365
1 0.8174074074074075 0.6165178571428572 0.1488293650793651 0.17896329365079366
7 0.8496428571428571 0.7821701388888889 0.30071097883597886 0.14519593253968252
4 0.5136276455026455 0.26882688492063495 0.23884259259259258 0.10445684523809524
4 0.6783895502645502 0.016068948412698413 0.18272817460317461 0.032135416666666666
7 0.6772751322751323 0.06178323412698413 0.2010681216931217 0.06443452380952382