6 0.5093716931216931 0.5078174603174603 0.4962566137566138 0.3955952380952381
7 0.39583002645502646 0.1719295634920635 0.30885582010582013 0.18265128968253969
7 0.09798941798941799 0.21714781746031744 0.18275132275132275 0.16395585317460318
8 0.2424371693121693 0.47374255952380956 0.4650297619047619 0.2877604166666667
8 0.947255291005291 0.43177579365079366 0.105489417989418 0.23607142857142857
8 0.9009589947089947 0.630548115079365 0.19808201058201058 0.30375744047619047
7 0.09738756613756613 0.8658234126984127 0.19477513227513227 0.2683531746031746
4 0.09093915343915344 0.6648958333333334 0.1818783068783069 0.26495039682539684
4 0.39268849206349205 0.8133878968253968 0.4414616402116402 0.22796626984126983
3 0.7918320105820106 0.8497023809523809 0.41633597883597884 0.3005952380952381
3 0.26933531746031747 0.9191468253968254 0.45269510582010586 0.16170634920634921
8 0.8108465608465608 0.15098958333333332 0.3783068783068783 0.30197916666666663
1 0.6033465608465608 0.09424603174603174 0.3773015873015873 0.1884920634920635