7 0.678779761904762 0.5531894841269841 0.32250330687830686 0.36233134920634924
7 0.45345568783068785 0.6290451388888889 0.3480489417989418 0.33547123015873015
7 0.3791005291005291 0.3961656746031746 0.4242030423280423 0.1450124007936508
7 0.6657671957671958 0.26682787698412697 0.23034391534391532 0.312921626984127
7 0.5272982804232804 0.2548487103174603 0.4395171957671957 0.1947172619047619
7 0.3525694444444445 0.18871527777777777 0.3215410052910053 0.3005456349206349
4 0.8198511904761905 0.5440178571428571 0.18136904761904762 0.3291046626984127
4 0.2653935185185185 0.6595634920634921 0.2794642857142857 0.317140376984127
4 0.570135582010582 0.6882415674603174 0.3036309523809524 0.34225694444444443
1 0.796521164021164 0.07186011904761905 0.29013227513227513 0.14371775793650796
7 0.9505621693121693 0.12131944444444445 0.09887566137566138 0.20791666666666667