2 0.8487632275132274 0.35268105158730156 0.16974867724867726 0.24901289682539682
2 0.5224966931216931 0.199109623015873 0.2744907407407407 0.10804315476190476
2 0.30547949735449736 0.1843501984126984 0.2736574074074074 0.08348214285714287
2 0.07936507936507936 0.2245858134920635 0.15873015873015872 0.12374751984126983
2 0.24798941798941798 0.3308630952380952 0.14214285714285713 0.1880183531746032
2 0.26284060846560847 0.5168477182539682 0.1321660052910053 0.21028025793650795
2 0.16416005291005292 0.49718005952380956 0.15305224867724868 0.2007093253968254
2 0.21921626984126982 0.661780753968254 0.27639550264550267 0.1033234126984127
2 0.22134920634920635 0.761078869047619 0.24428240740740742 0.11590773809523809
4 0.4013128306878307 0.7296800595238095 0.1577876984126984 0.21928075396825397
4 0.48766534391534394 0.736641865079365 0.16183531746031746 0.21336061507936507
6 0.7524669312169312 0.5614434523809523 0.13257936507936507 0.20770833333333333
3 0.8897519841269842 0.5645362103174604 0.1624371693121693 0.15188988095238093
3 0.37739087301587304 0.34167658730158734 0.1264748677248677 0.14763640873015874
7 0.5109523809523809 0.36762648809523807 0.1455787037037037 0.2069766865079365
7 0.607089947089947 0.34884920634920635 0.16920634920634922 0.22398809523809524
7 0.7606679894179895 0.3642237103174603 0.16551917989417989 0.19769593253968254
6 0.6169146825396825 0.5671924603174603 0.16901124338624338 0.22416914682539682
6 0.5138921957671958 0.5371924603174604 0.13493055555555555 0.20136656746031745
6 0.3981911375661376 0.5187996031746033 0.14492724867724868 0.1893824404761905
1 0.8847387566137566 0.7681150793650794 0.18878968253968254 0.2415873015873016
1 0.7209391534391534 0.7680977182539682 0.15549933862433862 0.22171378968253969
1 0.6169874338624338 0.7513492063492063 0.1724669312169312 0.19565724206349205