4 0.548125 0.46537202380952386 0.4778637566137566 0.32806299603174605
4 0.40915013227513225 0.23227430555555556 0.4843022486772487 0.2115749007936508
1 0.7545535714285714 0.1969345238095238 0.2789484126984127 0.17809771825396825
3 0.6750330687830688 0.6959499007936508 0.33485449735449735 0.2708705357142857
3 0.6794708994708994 0.5268030753968255 0.2246792328042328 0.15330853174603173
7 0.9398148148148148 0.3839236111111111 0.12037037037037036 0.2941369047619048
7 0.19594907407407405 0.4381125992063492 0.3918981481481481 0.2537078373015873
7 0.1805621693121693 0.4330729166666667 0.3498578042328042 0.3565724206349207
7 0.1225 0.08915426587301588 0.24169312169312168 0.16094990079365082
7 0.24866402116402117 0.6091294642857144 0.33930886243386243 0.26983878968253966
4 0.07275132275132275 0.720498511904762 0.1455026455026455 0.34967757936507937