2 0.4771626984126984 0.1740203373015873 0.291765873015873 0.10422867063492064
2 0.21307208994708995 0.15596974206349207 0.262228835978836 0.09809027777777778
2 0.17318121693121694 0.31301835317460314 0.1466335978835979 0.2055654761904762
2 0.029272486772486773 0.20722470238095236 0.058541666666666665 0.11036458333333334
2 0.8150496031746032 0.19217261904761906 0.3490641534391534 0.10851190476190475
2 0.8475429894179893 0.35959077380952376 0.13855820105820105 0.23776041666666667
2 0.1318915343915344 0.7933804563492063 0.2637830687830688 0.12404265873015873
2 0.12879298941798942 0.6855009920634921 0.25758597883597883 0.09082589285714285
2 0.18716931216931218 0.5299702380952381 0.11052910052910053 0.20973214285714287
2 0.08670965608465608 0.5040674603174603 0.11694444444444443 0.20541914682539683
3 0.3181580687830688 0.3423859126984127 0.13905092592592594 0.15375992063492064
3 0.8478935185185186 0.58359375 0.16680886243386245 0.1516542658730159
7 0.454593253968254 0.33739583333333334 0.13368055555555555 0.16754464285714285
7 0.5730621693121694 0.32986607142857144 0.1405787037037037 0.14008432539682542
7 0.7098082010582011 0.3165550595238095 0.1303174603174603 0.14135664682539684
6 0.7120403439153439 0.5804117063492062 0.1613723544973545 0.2038938492063492
6 0.5583267195767196 0.5696428571428572 0.1630059523809524 0.22129960317460318
6 0.4408333333333333 0.5623660714285714 0.15436838624338625 0.1790327380952381
6 0.3288062169312169 0.5420386904761905 0.1686111111111111 0.1845610119047619
1 0.83557208994709 0.8000644841269842 0.16006944444444446 0.23024553571428572
1 0.6953703703703704 0.8009424603174603 0.15929563492063492 0.18861111111111112
1 0.5689616402116402 0.7818799603174603 0.15028439153439152 0.1949107142857143
4 0.44169973544973545 0.7716939484126983 0.12855489417989419 0.2096626984126984
4 0.32185185185185183 0.7557986111111111 0.1244047619047619 0.1985342261904762