7 0.5515476190476191 0.13831597222222222 0.3821957671957672 0.14766121031746032
7 0.6307903439153439 0.6460367063492064 0.20668650793650792 0.3148933531746032
7 0.3203207671957672 0.8361780753968253 0.4058531746031746 0.19170386904761905
7 0.3362070105820106 0.8701612103174603 0.19068121693121692 0.2562078373015873
7 0.12527447089947089 0.8250868055555556 0.25054894179894177 0.2935267857142857
7 0.13817791005291005 0.6635639880952381 0.23998015873015874 0.1440922619047619
7 0.3986044973544974 0.5381423611111111 0.33424603174603174 0.2702306547619047
3 0.6296825396825397 0.34370783730158727 0.29044973544973546 0.2285863095238095
3 0.2044708994708995 0.12234871031746032 0.236984126984127 0.18021329365079367
1 0.14726851851851852 0.5417981150793652 0.29123015873015873 0.1336954365079365
1 0.3715509259259259 0.28441964285714283 0.23384589947089945 0.25881696428571427
1 0.13191798941798943 0.2512996031746032 0.1877744708994709 0.21242063492063493
6 0.504156746031746 0.427093253968254 0.32378968253968254 0.2415873015873016
4 0.14467592592592593 0.40303819444444444 0.28935185185185186 0.14134424603174603
4 0.37642195767195763 0.6769593253968254 0.3615740740740741 0.2333829365079365