6 0.43951058201058196 0.42802331349206346 0.49542328042328043 0.3922569444444444
8 0.3825760582010582 0.4758159722222222 0.6196527777777777 0.2993477182539683
8 0.9059193121693122 0.21540178571428573 0.18816137566137567 0.28199156746031745
3 0.2036574074074074 0.904265873015873 0.32133597883597886 0.19146825396825398
7 0.5212863756613756 0.8496750992063492 0.47047949735449734 0.29806051587301585
1 0.35347552910052915 0.7266443452380952 0.5118419312169312 0.2677752976190476
7 0.11574074074074074 0.5509375000000001 0.23148148148148148 0.2547743055555556
7 0.10499338624338625 0.2573040674603175 0.2099867724867725 0.3633680555555555
7 0.18114417989417989 0.252311507936508 0.21017526455026456 0.21196676587301586
7 0.49592923280423284 0.21055059523809525 0.317255291005291 0.14828125
7 0.10904761904761905 0.8409052579365079 0.2180919312169312 0.3028397817460317
4 0.8563161375661376 0.6607390873015873 0.2873677248677249 0.2599702380952381
4 0.888558201058201 0.47087797619047617 0.22288359788359788 0.1828298611111111
1 0.6858597883597883 0.10788690476190477 0.3842294973544974 0.21577380952380953