2 0.7714880952380953 0.7995337301587301 0.21037037037037035 0.32158978174603176
2 0.4718121693121693 0.844407242063492 0.41267857142857145 0.15311011904761906
7 0.479593253968254 0.7038095238095239 0.413098544973545 0.14863343253968253
7 0.45416005291005296 0.5692609126984127 0.39250992063492063 0.15434523809523812
7 0.46004629629629634 0.44836557539682537 0.3750099206349206 0.12755952380952382
2 0.7883300264550264 0.46015873015873016 0.17970899470899473 0.27734871031746033
2 0.8111507936507937 0.2001016865079365 0.17279100529100527 0.2593923611111111
2 0.5361044973544974 0.17007440476190477 0.38076058201058205 0.1448263888888889
2 0.172609126984127 0.19271825396825396 0.345218253968254 0.1286061507936508
2 0.18194775132275134 0.0736235119047619 0.3638921957671958 0.1472470238095238
2 0.706739417989418 0.025550595238095237 0.1622089947089947 0.051101190476190474
3 0.4833829365079365 0.3106299603174603 0.30964285714285716 0.14355654761904763
6 0.14863425925925927 0.3328968253968254 0.2972718253968254 0.16621527777777775
6 0.13652116402116402 0.45539434523809524 0.27304563492063494 0.1506076388888889
6 0.11204365079365079 0.5836805555555555 0.22409060846560847 0.15597718253968254
6 0.13172949735449735 0.7260267857142858 0.26345568783068785 0.1688045634920635
3 0.10926917989417989 0.8997172619047619 0.21853835978835978 0.1711855158730159