2 0.6901124338624339 0.21349950396825398 0.2881679894179894 0.11514632936507936
2 0.7259292328042328 0.3663640873015873 0.1371064814814815 0.2105406746031746
7 0.5974768518518518 0.37234623015873014 0.12154431216931218 0.21040674603174603
7 0.47511574074074076 0.3839831349206349 0.1299371693121693 0.20218998015873016
7 0.3654728835978836 0.38335317460317464 0.10927248677248677 0.19699652777777776
3 0.23691137566137566 0.37005208333333334 0.12060846560846562 0.14938492063492065
2 0.11261243386243387 0.350203373015873 0.11322089947089947 0.18800843253968252
2 0.1310019841269841 0.5550024801587301 0.10655753968253968 0.19304067460317462
2 0.04079034391534391 0.5256646825396826 0.08157738095238096 0.16291418650793651
6 0.25733796296296296 0.5583655753968254 0.1583068783068783 0.17017857142857143
6 0.37346230158730154 0.5683407738095239 0.136005291005291 0.17173859126984128
6 0.47770502645502644 0.5845138888888889 0.14874007936507938 0.17650049603174603
6 0.6163095238095239 0.5788045634920634 0.1412797619047619 0.1793154761904762
3 0.7519345238095237 0.577155257936508 0.14102843915343916 0.1395907738095238
1 0.7524900793650794 0.7821875 0.14206679894179894 0.22052083333333333
1 0.6153968253968254 0.7930605158730158 0.1502116402116402 0.18264384920634918
1 0.48563161375661373 0.7810367063492063 0.12802579365079364 0.1970138888888889
4 0.37679232804232804 0.7718055555555555 0.13047949735449735 0.20740575396825398
4 0.2681977513227513 0.7649007936507937 0.11262566137566137 0.19271577380952382
2 0.09653439153439154 0.7031473214285715 0.19307208994708996 0.10325892857142857
2 0.10271494708994709 0.8122891865079366 0.20543320105820106 0.10331349206349207
2 0.37823743386243386 0.21081349206349206 0.2583664021164021 0.08276041666666667
2 0.13677579365079365 0.2055828373015873 0.23608134920634918 0.08772321428571428