7 0.5432961309523809 0.30352182539682543 0.3375868055555556 0.35351190476190475
7 0.5925124007936509 0.5927116402116401 0.270672123015873 0.34106812169312173
7 0.48961061507936504 0.7725 0.410436507936508 0.3942030423280423
7 0.21015625000000002 0.5489847883597884 0.1689905753968254 0.4872982804232804
7 0.15673859126984127 0.32529761904761906 0.12002728174603175 0.19424603174603175
7 0.39757440476190475 0.49932208994709 0.16684275793650793 0.36592592592592593
3 0.7925744047619048 0.5300529100529101 0.2352876984126984 0.30453373015873014
3 0.236765873015873 0.26256613756613756 0.23543650793650792 0.26719907407407406
1 0.5305704365079366 0.4825330687830688 0.11206845238095238 0.19787037037037036
7 0.09489583333333333 0.8899007936507937 0.18979414682539683 0.1947056878306878
7 0.0861235119047619 0.7693320105820106 0.17224454365079364 0.1762301587301587
7 0.06404265873015874 0.6223214285714286 0.12808779761904762 0.15117063492063493
7 0.07598958333333333 0.959103835978836 0.15032738095238096 0.08178902116402118
7 0.3071899801587301 0.73875 0.19275545634920635 0.1745899470899471