2 0.8360383597883597 0.36218998015873016 0.14760912698412698 0.23330853174603175
2 0.8140343915343915 0.1957093253968254 0.3317724867724868 0.11364087301587301
2 0.46138227513227514 0.1675967261904762 0.3076884920634921 0.10453869047619048
2 0.20261574074074076 0.14683035714285714 0.3093287037037037 0.09772817460317461
2 0.1368452380952381 0.30794394841269845 0.14472222222222222 0.22154265873015871
2 0.153125 0.5073090277777778 0.13759589947089945 0.1862450396825397
2 0.053736772486772486 0.503608630952381 0.10747354497354497 0.22596478174603177
2 0.12809854497354498 0.6873710317460318 0.16046626984126985 0.11482390873015874
2 0.10416666666666667 0.8228869047619047 0.20833333333333334 0.10311507936507937
4 0.27301587301587305 0.7701314484126984 0.15581679894179895 0.23073660714285715
4 0.39599867724867727 0.7770337301587301 0.1636904761904762 0.2569444444444444
1 0.5417989417989418 0.7999652777777778 0.16097883597883597 0.22840277777777776
1 0.6784060846560847 0.8122048611111111 0.17956679894179894 0.2107217261904762
1 0.8294378306878306 0.8208606150793651 0.17409060846560848 0.2528298611111111
7 0.695214947089947 0.35736607142857146 0.16027447089947092 0.21870039682539683
7 0.5610912698412699 0.36776041666666665 0.1565740740740741 0.23700892857142858
7 0.43986111111111115 0.351297123015873 0.15881944444444443 0.2115203373015873
3 0.28900462962962964 0.3305481150793651 0.14149801587301586 0.18738839285714284
3 0.8543485449735451 0.5882514880952381 0.18092261904761905 0.1645957341269841
6 0.693151455026455 0.5827529761904762 0.18921626984126985 0.22552579365079367
6 0.5503075396825398 0.5806374007936508 0.19122354497354496 0.221297123015873
6 0.4302910052910053 0.5537549603174603 0.17275132275132274 0.19977430555555556
6 0.2877777777777778 0.5277083333333333 0.2084953703703704 0.20968501984126986