2 0.11804232804232803 0.6943477182539682 0.12613425925925925 0.22680555555555557
7 0.08627314814814814 0.45102430555555556 0.15449404761904761 0.2078670634920635
4 0.19583333333333336 0.3905927579365079 0.20950727513227513 0.14854414682539682
4 0.31526785714285716 0.32368799603174603 0.17103174603174603 0.17350942460317462
4 0.6175429894179895 0.2760019841269841 0.13063161375661375 0.1999875992063492
4 0.7666798941798942 0.17356894841269843 0.3008994708994709 0.12189732142857143
4 0.855707671957672 0.24981398809523808 0.28858796296296296 0.12669146825396826
4 0.7829497354497355 0.3148660714285714 0.2628769841269841 0.09432539682539683
3 0.5847519841269841 0.7962996031746031 0.20618716931216932 0.14884920634920634
8 0.48623677248677255 0.6910391865079365 0.2996263227513228 0.12910714285714284
7 0.8626818783068783 0.7593353174603175 0.2746395502645503 0.14507688492063492
6 0.9258630952380952 0.6357514880952381 0.14827380952380953 0.21669146825396826
6 0.8075661375661375 0.5603993055555556 0.19722883597883598 0.18045386904761906
6 0.7863458994708994 0.6043154761904762 0.2565376984126984 0.16859126984126985
6 0.6688293650793651 0.5289657738095238 0.1905390211640212 0.09666418650793651
1 0.7279794973544973 0.6958953373015873 0.20544973544973544 0.20281994047619048
4 0.5746097883597884 0.5865500992063492 0.11205357142857143 0.09736359126984127
7 0.4369179894179894 0.40157242063492066 0.1255026455026455 0.18527529761904762
7 0.38656084656084655 0.4252827380952381 0.2561805555555556 0.12561507936507937
8 0.5957308201058201 0.3727405753968254 0.2330621693121693 0.17561259920634922
8 0.5507142857142857 0.3576760912698413 0.12826058201058202 0.18732886904761903
1 0.7748511904761906 0.3531671626984127 0.24011243386243386 0.10077132936507936
3 0.7723544973544973 0.43695932539682536 0.16530753968253967 0.10457837301587303
7 0.4279199735449735 0.6054885912698412 0.23058531746031743 0.08231894841269842