8 0.8215939153439153 0.12992063492063494 0.3568121693121693 0.18047619047619046
8 0.7532043650793651 0.48251984126984127 0.3688392857142857 0.3201984126984127
1 0.48708994708994713 0.3146701388888889 0.2929629629629629 0.2647569444444444
7 0.5756283068783069 0.8751240079365079 0.2617096560846561 0.24975198412698413
7 0.10912698412698413 0.7339285714285714 0.21825396825396826 0.20376984126984127
7 0.028935185185185185 0.5342534722222223 0.05787037037037037 0.23109623015873015
7 0.3508399470899471 0.4790079365079365 0.20895502645502645 0.15692212301587302
6 0.08680555555555555 0.9088541666666666 0.1736111111111111 0.18129960317460317
2 0.23230820105820105 0.11634424603174603 0.4646164021164021 0.17405753968253967
1 0.8928869047619048 0.7301488095238096 0.20496693121693124 0.29565228174603175
1 0.791031746031746 0.6676190476190477 0.19648148148148148 0.13483878968253968
7 0.409646164021164 0.9358878968253969 0.25712301587301584 0.12822420634920634