4 0.6674801587301588 0.18655009920634918 0.3065178571428571 0.18708829365079366
8 0.3580753968253968 0.21814732142857143 0.2928703703703704 0.21060019841269842
8 0.6606117724867725 0.33340277777777777 0.34238425925925925 0.15589037698412697
8 0.5050992063492064 0.04650297619047619 0.2926058201058201 0.09300595238095238
4 0.22587301587301586 0.5886061507936509 0.2797850529100529 0.18762896825396824
4 0.5085185185185185 0.6059499007936509 0.2366170634920635 0.14295386904761903
4 0.517714947089947 0.894813988095238 0.3872784391534392 0.20976686507936507
1 0.6026884920634921 0.5011284722222222 0.25630291005291006 0.21852430555555558
1 0.8918650793650794 0.7197792658730159 0.21626984126984128 0.24660218253968252
1 0.39122354497354495 0.6611185515873016 0.2632638888888889 0.20120287698412698
3 0.8849503968253969 0.5075099206349206 0.21236441798941802 0.12464285714285714
7 0.5098611111111111 0.41205357142857146 0.3418088624338625 0.13958085317460317
7 0.11607142857142858 0.7136855158730159 0.23213955026455027 0.1500892857142857
7 0.3470667989417989 0.7437251984126984 0.34691137566137564 0.12584325396825397
7 0.6479398148148148 0.6736359126984127 0.29058531746031746 0.24112351190476192
7 0.17708002645502646 0.8842063492063492 0.3508531746031746 0.18606894841269842
7 0.19345238095238096 0.9516269841269841 0.3869047619047619 0.09625248015873016
6 0.7779497354497354 0.7925 0.1735978835978836 0.2007142857142857
3 0.8573578042328043 0.9183258928571428 0.26629960317460316 0.1499578373015873
7 0.6703174603174603 0.9544890873015873 0.2692063492063492 0.09102182539682539