8 0.6864814814814815 0.462437996031746 0.30153439153439154 0.2601934523809524
8 0.649130291005291 0.2355729166666667 0.24336640211640215 0.13880704365079363
8 0.24291666666666667 0.08742559523809523 0.26152116402116404 0.17485119047619047
8 0.855489417989418 0.6789856150793651 0.289021164021164 0.15013144841269843
8 0.9389880952380952 0.27214037698412696 0.12202380952380952 0.13505208333333332
4 0.14712632275132276 0.5233953373015873 0.2909457671957672 0.23081845238095236
4 0.10085978835978836 0.30363591269841267 0.20171957671957672 0.21862103174603176
4 0.18683862433862433 0.19286706349206348 0.37367724867724866 0.15990327380952382
4 0.509864417989418 0.08531994047619047 0.468369708994709 0.11953621031746033
4 0.7590873015873016 0.15542410714285712 0.21462962962962961 0.21246527777777777
4 0.18873677248677248 0.6922991071428571 0.3202777777777778 0.11589781746031746
4 0.08680555555555555 0.7201240079365079 0.1736111111111111 0.1916939484126984
4 0.9571759259259259 0.8308159722222223 0.08564814814814815 0.13385664682539683
4 0.4699206349206349 0.4417237103174603 0.2387797619047619 0.1468377976190476
8 0.5278141534391534 0.28199156746031745 0.3611871693121693 0.18203869047619048
8 0.7321693121693121 0.606374007936508 0.33669312169312166 0.14875992063492063
8 0.1597255291005291 0.6168576388888889 0.27248015873015874 0.09812996031746032
7 0.4312466931216931 0.5637723214285715 0.3036309523809524 0.2842881944444444
7 0.9290674603174603 0.14651041666666667 0.14186507936507936 0.22853670634920636
7 0.31834325396825397 0.33254960317460314 0.18364087301587304 0.2831547619047619
3 0.937334656084656 0.5527777777777778 0.12533068783068782 0.22261904761904763
3 0.8594808201058202 0.7347123015873016 0.21886904761904763 0.19971974206349205
8 0.41948412698412696 0.8332911706349206 0.28010251322751323 0.1437673611111111