1 0.7409226190476191 0.7213045634920635 0.19366732804232803 0.2284375
1 0.6062103174603175 0.7254092261904762 0.14226521164021164 0.17390873015873018
1 0.48295304232804237 0.7029861111111111 0.12408399470899471 0.19255208333333335
4 0.37125992063492064 0.685124007936508 0.12902777777777777 0.20450892857142858
4 0.2539980158730159 0.6732390873015873 0.12365079365079365 0.19903769841269842
2 0.12808531746031745 0.6026711309523809 0.13710978835978835 0.09456597222222222
2 0.113369708994709 0.7265823412698412 0.1600462962962963 0.08122519841269842
2 0.14035714285714285 0.45639136904761907 0.11591269841269841 0.2065798611111111
2 0.052043650793650795 0.43833085317460313 0.10408730158730159 0.2039657738095238
2 0.1377414021164021 0.24680555555555556 0.152119708994709 0.2024702380952381
2 0.17881613756613757 0.08825396825396825 0.25065476190476194 0.10394841269841269
2 0.42481150793650796 0.10781249999999999 0.2800363756613757 0.09446924603174603
2 0.7586243386243386 0.11904017857142858 0.3318121693121693 0.11375248015873016
2 0.7742460317460318 0.284890873015873 0.15352513227513226 0.2470138888888889
3 0.766712962962963 0.5102802579365079 0.15413690476190475 0.15186507936507937
6 0.6320800264550265 0.5077926587301588 0.1722089947089947 0.19442708333333333
6 0.483859126984127 0.5054489087301587 0.172609126984127 0.18176835317460316
6 0.37973214285714285 0.48406994047619045 0.15228835978835978 0.18187748015873018
6 0.2634126984126984 0.46972718253968254 0.18179232804232803 0.17875992063492063
3 0.26023809523809527 0.2726339285714286 0.12910714285714286 0.15804315476190475
7 0.3902380952380952 0.29436755952380955 0.1376388888888889 0.20854166666666668
7 0.4997123015873016 0.29946428571428574 0.14070767195767195 0.2200347222222222
7 0.6336342592592592 0.2896750992063492 0.14833333333333334 0.22298611111111113