7 0.6225198412698413 0.25818452380952384 0.2701719576719577 0.39285714285714285
7 0.32142857142857145 0.21168154761904762 0.42063492063492064 0.3802083333333333
7 0.3253968253968254 0.48908730158730157 0.32936507936507936 0.2976190476190476
7 0.33201058201058203 0.7265625 0.5218253968253969 0.2611607142857143
7 0.6601157407407408 0.4676016865079365 0.32736772486772486 0.41152281746031744
7 0.2501653439153439 0.8299875992063492 0.49853835978835975 0.21771329365079367
8 0.12361772486772486 0.08724950396825397 0.14933201058201057 0.17449900793650794
8 0.24837301587301588 0.043854166666666666 0.12361772486772486 0.08538938492063493
8 0.03407738095238095 0.09619047619047619 0.06709656084656085 0.18981894841269842
8 0.17041005291005293 0.4682614087301587 0.15917989417989417 0.19372519841269842
3 0.7855257936507936 0.27175099206349207 0.18159391534391534 0.2104637896825397