6 0.7945304232804232 0.6125967261904761 0.17121362433862433 0.2158655753968254
6 0.6470039682539682 0.5430877976190476 0.18900793650793649 0.18664434523809523
6 0.6350330687830688 0.581515376984127 0.25052579365079364 0.1759970238095238
6 0.5369378306878307 0.5073387896825396 0.1940376984126984 0.10455605158730158
3 0.6262996031746032 0.39936011904761903 0.13942460317460317 0.1304811507936508
1 0.6268915343915344 0.3145709325396825 0.23944113756613758 0.11026785714285715
4 0.469755291005291 0.22549107142857142 0.14958664021164023 0.2008110119047619
4 0.7176653439153439 0.20351934523809526 0.297635582010582 0.12447420634920635
4 0.6173677248677248 0.12175843253968253 0.28652777777777777 0.12369295634920635
4 0.11426587301587303 0.27604910714285713 0.1913723544973545 0.19707837301587303
4 0.04922949735449736 0.3515451388888889 0.09846230158730158 0.17805059523809524
4 0.4178207671957672 0.5663343253968254 0.12671626984126985 0.0938045634920635
7 0.7351190476190477 0.7358655753968254 0.3459126984126984 0.17403769841269842
7 0.2561441798941799 0.6062003968253967 0.24641865079365077 0.10492063492063493
8 0.3241798941798942 0.6853199404761905 0.3063525132275132 0.14239583333333333
3 0.4132671957671958 0.7969494047619048 0.2132275132275132 0.16140625
7 0.4298313492063492 0.7819593253968254 0.18010251322751322 0.2157217261904762
1 0.5689186507936508 0.6804315476190477 0.19792989417989418 0.23279265873015872
7 0.261359126984127 0.36555059523809524 0.13951388888888888 0.21246527777777777
7 0.20671626984126984 0.39150793650793647 0.2536574074074074 0.16046875
8 0.382797619047619 0.31583829365079363 0.12900793650793652 0.20291170634920636
8 0.4274338624338624 0.33195932539682543 0.2582208994708995 0.20332837301587303
4 0.629130291005291 0.2745436507936508 0.29962962962962963 0.09785962301587302