7 0.7357539682539683 0.188859126984127 0.43976190476190474 0.333077876984127
7 0.7761243386243386 0.24186259920634923 0.44775132275132273 0.25802827380952376
7 0.21387896825396824 0.8323412698412699 0.4277579365079365 0.3353174603174603
7 0.36476190476190473 0.1636780753968254 0.2169543650793651 0.08926091269841269
4 0.9117063492063492 0.07502480158730158 0.1765873015873016 0.15004960317460317
4 0.7811210317460318 0.42871527777777774 0.3224074074074074 0.13570684523809523
3 0.0958994708994709 0.5457316468253968 0.1917989417989418 0.27053075396825393
6 0.48913029100529104 0.6703348214285714 0.4524669312169312 0.29900545634920633
6 0.532582671957672 0.5506225198412699 0.3442625661375661 0.19102430555555555
6 0.46355489417989415 0.3399280753968254 0.25124007936507936 0.2755877976190476
8 0.20691468253968257 0.3263814484126984 0.225625 0.3501810515873016
8 0.9071395502645503 0.3528769841269841 0.1857175925925926 0.15257688492063493
8 0.9048677248677249 0.3926537698412699 0.19026455026455028 0.21706101190476193
6 0.4631018518518519 0.8990029761904762 0.42846891534391535 0.17093253968253969
1 0.9061772486772487 0.604047619047619 0.18764219576719576 0.2758630952380952
3 0.793068783068783 0.5692906746031746 0.18361772486772487 0.16134176587301588