4 0.7484821428571428 0.6195659722222222 0.14207010582010582 0.1793204365079365
4 0.699781746031746 0.4284077380952381 0.22891865079365079 0.11702628968253968
4 0.422119708994709 0.4170238095238095 0.12107473544973545 0.14932291666666667
4 0.4708366402116402 0.5620982142857143 0.20326719576719576 0.11737599206349206
4 0.3745403439153439 0.6753769841269841 0.20739748677248676 0.10080109126984127
4 0.2911838624338624 0.590562996031746 0.12242063492063492 0.16287698412698412
4 0.20313161375661376 0.40841517857142856 0.13057539682539682 0.161202876984127
4 0.2540873015873016 0.2727951388888889 0.18261574074074075 0.1050421626984127
4 0.3534126984126984 0.34262400793650793 0.20947751322751323 0.14599206349206348
4 0.852387566137566 0.15891369047619047 0.1559292328042328 0.1889905753968254
4 0.15395171957671958 0.20734126984126985 0.1610515873015873 0.11856150793650794
8 0.17947751322751324 0.5266765873015873 0.21903108465608467 0.07666418650793651
8 0.22273148148148147 0.6297594246031746 0.18085978835978836 0.17476934523809523
8 0.7104398148148148 0.23200644841269843 0.15603174603174602 0.1865922619047619
8 0.3836243386243386 0.19749503968253967 0.24496362433862434 0.19965525793650793
8 0.08411044973544973 0.31678819444444445 0.09361441798941798 0.1436185515873016
8 0.6607969576719577 0.5585416666666666 0.2520866402116402 0.16325396825396826
8 0.030823412698412697 0.21389632936507935 0.061650132275132274 0.1727703373015873
7 0.6958333333333333 0.10685515873015873 0.23551256613756616 0.10631200396825397
7 0.38326719576719576 0.5345114087301588 0.20545965608465608 0.10064484126984127
7 0.6158664021164022 0.6723710317460317 0.13424933862433863 0.10158978174603175
7 0.5030390211640212 0.31020089285714286 0.2053339947089947 0.09880704365079365
7 0.5832440476190476 0.47145337301587303 0.25213955026455026 0.0888219246031746
7 0.28685185185185186 0.18288194444444444 0.19549603174603172 0.10704613095238096
7 0.7725793650793652 0.3966468253968254 0.19210317460317458 0.19690228174603175
2 0.09677579365079364 0.5896329365079366 0.11181878306878307 0.16419890873015872
2 0.49212962962962964 0.6673263888888888 0.17530092592592594 0.1823313492063492
1 0.511276455026455 0.1358110119047619 0.17608796296296297 0.10537698412698412
3 0.6312003968253969 0.28161954365079367 0.12916666666666668 0.10294642857142856
8 0.1234457671957672 0.43186011904761906 0.18593915343915343 0.11977430555555556