4 0.5783796296296296 0.29884424603174603 0.1978373015873016 0.29683531746031744
4 0.8299173280423281 0.2805357142857143 0.34016203703703707 0.2294171626984127
4 0.1916898148148148 0.1407862103174603 0.22395833333333334 0.2815724206349206
4 0.46614417989417983 0.06417162698412698 0.4113624338624339 0.12834573412698413
4 0.8924305555555556 0.018665674603174604 0.2151421957671958 0.03733382936507937
4 0.26291005291005287 0.6903373015873016 0.39616402116402116 0.15997767857142856
4 0.7100892857142856 0.6822743055555555 0.31582010582010583 0.3296428571428571
7 0.15839285714285714 0.5000570436507936 0.2612169312169312 0.1440625
4 0.4373445767195767 0.32728422619047615 0.3051488095238095 0.3090252976190476
7 0.6429828042328043 0.47507440476190477 0.18161044973544976 0.2642683531746032
8 0.7984391534391534 0.12781498015873016 0.29803902116402115 0.18270089285714286
8 0.9676752645502645 0.754702380952381 0.06465277777777778 0.139375
8 0.38874007936507937 0.5806225198412699 0.3144345238095238 0.29651041666666667
2 0.1856746031746032 0.326140873015873 0.3713492063492064 0.28763392857142855
3 0.8694378306878306 0.41731646825396823 0.1668452380952381 0.11518601190476191
8 0.8640839947089947 0.5381746031746032 0.21169642857142856 0.14042162698412697
8 0.9242625661375661 0.613687996031746 0.15147156084656085 0.13517361111111112
4 0.8218154761904762 0.2862921626984127 0.35636904761904764 0.23745535714285712