2 0.5436904761904762 0.9313963293650793 0.3845072751322751 0.13720486111111113
2 0.832579365079365 0.842108134920635 0.18175925925925926 0.3011780753968254
2 0.8129100529100528 0.5664335317460317 0.16743055555555555 0.2562549603174603
2 0.8203174603174602 0.332765376984127 0.15986772486772488 0.22327132936507937
2 0.7281878306878307 0.10860863095238096 0.18488756613756616 0.20628224206349208
2 0.5679530423280423 0.3190873015873016 0.32247354497354497 0.1110218253968254
2 0.24760251322751323 0.25100694444444444 0.3333068783068783 0.10417906746031746
2 0.22736441798941798 0.34893353174603176 0.3323181216931217 0.1195188492063492
2 0.03356481481481482 0.28263392857142855 0.06712962962962964 0.21361855158730159
6 0.20115410052910052 0.47144345238095237 0.30095899470899473 0.13932539682539682
6 0.18665674603174603 0.5792757936507936 0.29038690476190476 0.1269469246031746
6 0.1510383597883598 0.6880084325396826 0.3020767195767196 0.14325396825396827
6 0.16913690476190477 0.8198387896825398 0.33827380952380953 0.16093998015873015
3 0.17839285714285716 0.9543501984126984 0.23569444444444446 0.09130208333333333
7 0.5351289682539683 0.8042063492063491 0.37133597883597885 0.14639880952380951
7 0.5232638888888889 0.6724454365079365 0.3462929894179894 0.12375
7 0.5129034391534392 0.5649156746031746 0.33083002645502646 0.11007688492063492
3 0.5319179894179894 0.4434226190476191 0.2806712962962963 0.1168452380952381
8 0.5285615079365079 0.041708829365079365 0.2765939153439153 0.08341765873015873