7 0.5293287037037038 0.40572420634920636 0.473343253968254 0.23109126984126985
7 0.22592592592592595 0.5597991071428572 0.32950066137566136 0.2565029761904762
7 0.28687169312169314 0.8263938492063492 0.5737433862433863 0.291656746031746
7 0.1144212962962963 0.10082093253968254 0.18584986772486772 0.13964037698412698
3 0.6182969576719577 0.6910838293650793 0.3209490740740741 0.28450148809523806
3 0.5210515873015873 0.5402752976190476 0.46009589947089946 0.24473710317460318
1 0.7388458994708995 0.21208829365079365 0.2617261904761905 0.1710639880952381
8 0.8140939153439154 0.08742559523809523 0.28319113756613756 0.17485119047619047
1 0.26441798941798944 0.052083333333333336 0.2879629629629629 0.10416666666666667
6 0.028108465608465607 0.5820783730158731 0.056216931216931214 0.19000744047619048
7 0.017361111111111112 0.4294990079365079 0.034722222222222224 0.14298611111111112