7 0.30550925925925926 0.43247519841269844 0.3365443121693122 0.28211309523809525
7 0.3887665343915344 0.7066493055555556 0.33772156084656085 0.3096279761904762
7 0.6078835978835979 0.9253472222222222 0.3162962962962963 0.14930555555555555
4 0.5613591269841269 0.21688988095238096 0.40512566137566136 0.14608134920634921
4 0.8024503968253969 0.3021602182539682 0.21270502645502645 0.24717757936507936
4 0.07332010582010581 0.3812648809523809 0.14664021164021163 0.24913442460317461
4 0.21755621693121693 0.2699330357142857 0.3524404761904762 0.21496527777777777
4 0.13723544973544974 0.8091964285714285 0.2744708994708995 0.14748263888888888
4 0.9091104497354497 0.31732886904761903 0.1791335978835979 0.18875248015873014
4 0.5070767195767196 0.57375 0.40568783068783065 0.20255952380952383
4 0.8445403439153438 0.16907242063492064 0.2737334656084656 0.23893849206349205
4 0.1256415343915344 0.6023090277777778 0.2512830687830688 0.20759176587301587
4 0.044642857142857144 0.8439161706349206 0.08928571428571429 0.18965029761904761
7 0.29935185185185187 0.14125496031746032 0.19526785714285716 0.2527480158730159
7 0.4840244708994709 0.08990575396825397 0.25880291005291006 0.17981150793650794
8 0.6592294973544973 0.7102455357142857 0.37599537037037034 0.1680109126984127
8 0.5567791005291005 0.4109375 0.37612433862433864 0.22911954365079365
8 0.3931448412698412 0.9470486111111112 0.38946097883597885 0.10590277777777778
7 0.7401223544973545 0.035342261904761904 0.40219907407407407 0.07068452380952381
2 0.16782407407407407 0.053323412698412696 0.33564814814814814 0.10664682539682539
7 0.39184523809523814 0.6932986111111111 0.30427248677248675 0.28750992063492065
8 0.8091931216931217 0.49329613095238095 0.3816137566137566 0.22270585317460317
7 0.2060218253968254 0.6552777777777777 0.220244708994709 0.23416666666666666