8 0.5125958994708995 0.1624578373015873 0.3009854497354497 0.14138392857142856
8 0.7272519841269841 0.0602281746031746 0.2904828042328042 0.1204563492063492
8 0.5268584656084656 0.3345411706349206 0.15755621693121694 0.18048859126984126
7 0.27409391534391536 0.9148065476190477 0.36630621693121695 0.17038690476190477
7 0.3530291005291005 0.5895932539682539 0.21333333333333335 0.2342435515873016
7 0.29898148148148146 0.5143204365079365 0.3301058201058201 0.1134623015873016
7 0.6936673280423281 0.3290873015873016 0.25968584656084653 0.15966517857142856
7 0.8725925925925925 0.7569667658730159 0.2008730158730159 0.26393353174603174
7 0.06427910052910053 0.7242683531746031 0.12856150793650792 0.2828645833333333
7 0.07375992063492064 0.5406026785714286 0.1475165343915344 0.1461830357142857
7 0.08475529100529101 0.4746949404761905 0.1562830687830688 0.11109871031746031
4 0.7813128306878308 0.2183953373015873 0.2200297619047619 0.1937326388888889
4 0.2037169312169312 0.4029588293650794 0.30161044973544976 0.1337921626984127
4 0.24580026455026455 0.7489310515873016 0.2898809523809524 0.21065972222222223
6 0.5152083333333334 0.7973809523809524 0.25330026455026455 0.2405952380952381
3 0.6660383597883598 0.8430431547619048 0.25734126984126987 0.2302331349206349
1 0.6601752645502645 0.5278249007936509 0.26875992063492066 0.17519593253968255
3 0.7643551587301587 0.43225942460317457 0.21256944444444442 0.09814980158730159
1 0.5004265873015873 0.4922222222222222 0.1741335978835979 0.2007142857142857
4 0.39641203703703703 0.4037127976190476 0.15790343915343916 0.16010664682539683
1 0.280489417989418 0.2865972222222222 0.22698743386243386 0.16148561507936507
2 0.11807539682539682 0.14209573412698412 0.22623015873015873 0.10065972222222222