1 0.7527248677248677 0.37311755952380954 0.27365079365079364 0.36983382936507936
8 0.7769510582010583 0.07688492063492064 0.4460978835978836 0.15376984126984128
8 0.7736441798941799 0.13330853174603174 0.45271164021164023 0.2666170634920635
6 0.4371560846560847 0.5993105158730159 0.4179662698412699 0.2869965277777778
6 0.24057539682539683 0.6416741071428571 0.48115079365079366 0.18738839285714284
6 0.2240410052910053 0.44863591269841274 0.4480820105820106 0.19152033730158732
7 0.04712301587301587 0.2620411706349206 0.09424603174603174 0.1778000992063492
6 0.13392857142857142 0.14756944444444445 0.26785714285714285 0.2951388888888889
1 0.1207010582010582 0.32954613095238094 0.2414021164021164 0.08121527777777778
4 0.5036507936507937 0.16594246031746032 0.35584325396825395 0.17406746031746032
4 0.7058134920634921 0.37488839285714287 0.49892526455026454 0.2711086309523809