1 0.7741699735449736 0.7374206349206349 0.17546296296296296 0.22605654761904762
1 0.6381845238095237 0.7410590277777778 0.1302612433862434 0.1717981150793651
1 0.5111342592592593 0.7219320436507937 0.12904431216931217 0.1900372023809524
4 0.3989285714285714 0.710766369047619 0.12503968253968253 0.20976190476190476
4 0.28805555555555556 0.6954191468253967 0.12485780423280424 0.19347222222222224
2 0.12115410052910053 0.7694618055555555 0.20430224867724867 0.12195188492063491
2 0.11078373015873015 0.622624007936508 0.2215674603174603 0.09719742063492062
2 0.16367724867724867 0.4787450396825397 0.10765542328042328 0.20225198412698414
2 0.06765211640211641 0.4598710317460318 0.1353075396825397 0.19301835317460317
2 0.160515873015873 0.2716443452380952 0.13254298941798942 0.20145089285714285
2 0.20574074074074072 0.12031001984126984 0.25089616402116405 0.09346726190476191
2 0.44928240740740744 0.13987847222222222 0.27770833333333333 0.09522073412698413
2 0.7714781746031746 0.15951140873015873 0.30497354497354495 0.1003298611111111
2 0.7858002645502646 0.31526785714285716 0.15800925925925927 0.23600942460317462
2 0.028419312169312167 0.17654017857142856 0.056841931216931214 0.08802083333333333
7 0.41429563492063487 0.31870287698412697 0.12445105820105819 0.20326636904761905
7 0.5314219576719577 0.3284920634920635 0.1389484126984127 0.20781746031746032
7 0.6619874338624339 0.31455357142857143 0.14074074074074075 0.2095982142857143
6 0.6587996031746032 0.5261235119047619 0.1544775132275132 0.19449900793650796
6 0.5187003968253968 0.5206994047619048 0.16969576719576718 0.16271329365079365
6 0.4168650793650793 0.5082539682539683 0.1655522486772487 0.17455357142857142
6 0.2974503968253968 0.4901959325396825 0.17148809523809525 0.17151785714285714
3 0.29049933862433863 0.29922867063492065 0.12278769841269842 0.15150545634920634
3 0.7951917989417989 0.5347395833333334 0.1531415343915344 0.15203373015873015