7 0.5726951058201057 0.5571478174603175 0.33189484126984126 0.12718998015873018
7 0.3759656084656085 0.4832291666666667 0.17984457671957674 0.17032738095238095
7 0.10603835978835979 0.5563814484126984 0.1459424603174603 0.11821924603174604
7 0.7127810846560846 0.75421875 0.23839285714285713 0.15178819444444444
7 0.7139649470899472 0.3333680555555556 0.21761574074074075 0.16574404761904762
4 0.9265873015873016 0.09637152777777777 0.14682539682539683 0.1753844246031746
8 0.3868088624338624 0.14899305555555556 0.3238789682539682 0.11693452380952381
8 0.441875 0.05617559523809524 0.15623677248677248 0.11235367063492063
8 0.6060978835978835 0.044022817460317464 0.17714285714285713 0.08804563492063493
8 0.7990145502645501 0.027281746031746032 0.2719708994708995 0.054563492063492064
8 0.9050925925925926 0.39275297619047617 0.18981481481481483 0.1977108134920635
8 0.8048908730158729 0.5607018849206349 0.28041997354497356 0.09709821428571429
8 0.5732771164021164 0.7937177579365079 0.22724537037037038 0.27295386904761904
8 0.2905621693121693 0.627296626984127 0.2801984126984127 0.22532738095238095
8 0.8869047619047619 0.6653769841269842 0.2261904761904762 0.08075644841269841
8 0.6623544973544974 0.6342460317460318 0.18714285714285714 0.09537450396825398
8 0.7607208994708995 0.25088045634920636 0.2086111111111111 0.09005704365079366
4 0.689484126984127 0.1542733134920635 0.2876984126984127 0.09029265873015874
4 0.8834325396825397 0.21847966269841268 0.18287367724867726 0.1988640873015873
4 0.44971230158730163 0.2946378968253968 0.1454563492063492 0.20981150793650793
4 0.21882605820105822 0.3338392857142857 0.24916005291005291 0.2237326388888889
4 0.2822089947089947 0.21884672619047618 0.2568783068783069 0.12023561507936509
4 0.5154993386243386 0.6654191468253968 0.1811276455026455 0.132921626984127
4 0.27370370370370367 0.7452703373015873 0.24647817460317462 0.22565972222222222
4 0.127744708994709 0.6563789682539682 0.20257936507936508 0.15204613095238095
4 0.9505621693121693 0.797264384920635 0.09887566137566138 0.10891369047619047
3 0.8728505291005291 0.7124875992063492 0.2542989417989418 0.16009672619047619
1 0.5557539682539683 0.4269593253968254 0.15912367724867724 0.1743576388888889
1 0.7311111111111112 0.44309275793650793 0.1526984126984127 0.15454117063492065
2 0.2788095238095238 0.042782738095238096 0.236848544973545 0.08556547619047619
2 0.15223544973544975 0.4510689484126984 0.23171957671957674 0.2101736111111111