8 0.8480489417989417 0.05766369047619048 0.3039021164021164 0.11532738095238096
8 0.8155489417989418 0.24365575396825395 0.14961640211640212 0.20705357142857145
7 0.5313194444444445 0.7792534722222222 0.34173941798941804 0.1274578373015873
7 0.2796660052910053 0.348844246031746 0.3245469576719577 0.1272544642857143
7 0.2899702380952381 0.4498759920634921 0.35506944444444444 0.19042410714285712
7 0.300135582010582 0.5913343253968254 0.2398181216931217 0.2377281746031746
7 0.23393518518518516 0.6104042658730159 0.3653571428571428 0.14193948412698412
7 0.5486111111111112 0.4045262896825397 0.3730191798941799 0.14685267857142859
7 0.6011673280423281 0.4979613095238095 0.285760582010582 0.24415426587301586
7 0.9307208994708994 0.2279315476190476 0.13855820105820105 0.1681671626984127
1 0.8943452380952381 0.4562748015873016 0.2113095238095238 0.19826140873015874
1 0.7823974867724867 0.4046577380952381 0.16267526455026454 0.2190376984126984
1 0.5831580687830688 0.16793154761904763 0.2238525132275132 0.1597718253968254
4 0.6611243386243386 0.3087723214285714 0.1416931216931217 0.1760763888888889
4 0.4953769841269841 0.3048462301587302 0.2797751322751323 0.16326388888888888
3 0.8727678571428571 0.7605034722222223 0.25379960317460315 0.19774305555555555
6 0.7800462962962963 0.6920982142857143 0.2902480158730159 0.21107886904761905
2 0.3085383597883598 0.030381944444444444 0.40805555555555556 0.06076388888888889
4 0.5062466931216931 0.6223115079365079 0.29372354497354497 0.18146825396825395