2 0.22209325396825397 0.13493055555555555 0.26014219576719577 0.10899553571428572
2 0.4610185185185185 0.1450595238095238 0.27857804232804234 0.1022718253968254
2 0.8040244708994708 0.14306795634920635 0.3446527777777778 0.10866319444444444
2 0.8121130952380952 0.2562847222222222 0.15187499999999998 0.14309771825396825
7 0.686031746031746 0.2723040674603175 0.1487929894179894 0.1512673611111111
7 0.5521693121693122 0.32294890873015875 0.15090939153439153 0.21519097222222222
7 0.44439153439153434 0.3200446428571429 0.1401521164021164 0.20212053571428573
3 0.31367394179894176 0.30789930555555556 0.12780092592592593 0.14980902777777777
2 0.18299603174603174 0.28797867063492066 0.12798280423280423 0.1992237103174603
2 0.037361111111111116 0.19945188492063493 0.0747255291005291 0.09406746031746031
2 0.20802910052910054 0.4914732142857143 0.12131283068783069 0.2045659722222222
2 0.10881944444444444 0.4771974206349206 0.1193882275132275 0.2061111111111111
2 0.15657738095238097 0.6356696428571429 0.25226521164021165 0.07574652777777778
2 0.1611904761904762 0.7362748015873015 0.25457671957671957 0.11297867063492063
4 0.3359457671957672 0.6562276785714285 0.12529761904761905 0.12931547619047618
4 0.4470734126984127 0.7069146825396826 0.13998015873015873 0.21097470238095237
1 0.8422982804232805 0.7270114087301587 0.18595238095238098 0.2262549603174603
1 0.6840178571428571 0.7318402777777778 0.16690476190476192 0.19232390873015875
1 0.5791501322751322 0.7202951388888889 0.16750992063492065 0.21490079365079365
3 0.8332407407407407 0.5184573412698413 0.1609160052910053 0.15786210317460317
6 0.6988855820105819 0.5273511904761905 0.15374669312169312 0.2119717261904762
6 0.5591402116402117 0.5142088293650794 0.1537830687830688 0.19607142857142856
6 0.44849537037037035 0.4996875 0.13729166666666667 0.1857093253968254
6 0.3476851851851852 0.4983010912698413 0.17091600529100529 0.18293402777777779