8 0.49241402116402117 0.22412450396825395 0.4289517195767196 0.13314980158730158
8 0.8995205026455027 0.12497023809523809 0.20049603174603173 0.24994047619047619
7 0.7374305555555555 0.14269097222222224 0.4142195767195767 0.2853819444444445
7 0.29897156084656085 0.9125545634920635 0.46773809523809523 0.174890873015873
7 0.0453505291005291 0.6873883928571429 0.0907010582010582 0.15913194444444445
7 0.0876521164021164 0.32728174603174603 0.17530753968253968 0.17645833333333333
7 0.6009722222222222 0.5846850198412697 0.44413690476190476 0.15225198412698412
7 0.2515707671957672 0.4896081349206349 0.48119708994709 0.23749503968253968
7 0.07753637566137567 0.5406026785714286 0.15507275132275133 0.1619419642857143
4 0.20750000000000002 0.21430059523809522 0.3316137566137566 0.2278125
4 0.6325562169312169 0.4234226190476191 0.43708002645502647 0.24227926587301588
1 0.9158465608465608 0.7420114087301587 0.1683101851851852 0.2880530753968254
1 0.2615277777777778 0.3883333333333333 0.39431216931216934 0.21489335317460317
1 0.8069874338624339 0.4837723214285714 0.38555886243386245 0.17425843253968254
6 0.6865509259259259 0.7863938492063491 0.2714914021164021 0.2890451388888889
4 0.30631283068783066 0.7268204365079365 0.4480191798941799 0.17024305555555555