2 0.7521626984126984 0.17056795634920635 0.28607804232804235 0.10942212301587302
2 0.7811276455026456 0.3215848214285715 0.1335350529100529 0.20987599206349208
2 0.4516005291005291 0.17033482142857143 0.2555489417989418 0.08512896825396826
2 0.21990410052910053 0.16884424603174603 0.22392195767195766 0.09377480158730159
2 0.04252976190476191 0.2181001984126984 0.08505621693121693 0.09358878968253968
2 0.18622354497354496 0.30507936507936506 0.12110780423280423 0.1776636904761905
3 0.3085548941798942 0.32321924603174607 0.12055224867724867 0.14595982142857142
7 0.4276124338624338 0.33724454365079365 0.10671296296296295 0.18656250000000002
7 0.5322156084656084 0.33876240079365083 0.13856150793650793 0.19039434523809523
7 0.6566402116402117 0.33029265873015873 0.12848544973544973 0.19474702380952383
6 0.6495899470899471 0.523201884920635 0.17919973544973544 0.18252728174603175
6 0.5242890211640212 0.540079365079365 0.1414484126984127 0.17165674603174602
6 0.42708002645502646 0.5159176587301587 0.1454861111111111 0.16906001984126984
6 0.3171494708994709 0.5028521825396826 0.15218253968253967 0.1608655753968254
3 0.7612863756613757 0.5989756944444445 0.1335515873015873 0.14540426587301586
1 0.783263888888889 0.7375347222222222 0.15367394179894178 0.21613839285714287
1 0.6424966931216931 0.7373214285714286 0.12624669312169312 0.17308531746031747
1 0.5300462962962963 0.7198883928571429 0.12790343915343916 0.1827777777777778
4 0.41977843915343915 0.7114558531746032 0.12020171957671957 0.19906994047619048
4 0.3143915343915344 0.7000595238095237 0.1184457671957672 0.18925347222222225
2 0.11461640211640213 0.6348139880952381 0.22923280423280426 0.09661458333333334
2 0.1098478835978836 0.7283978174603175 0.2196957671957672 0.11026041666666667
2 0.19004298941798944 0.4949702380952381 0.10317460317460317 0.18667410714285712
2 0.09916335978835979 0.48417410714285714 0.13272156084656087 0.18620535714285713