8 0.6711772486772487 0.6111061507936508 0.2114021164021164 0.29215525793650793
8 0.3298478835978836 0.3621478174603175 0.32900793650793647 0.18609871031746034
8 0.8051554232804232 0.16187748015873019 0.3834556878306878 0.2642286706349206
8 0.3740178571428571 0.13565228174603175 0.20901124338624338 0.22418402777777777
8 0.4719411375661376 0.6568005952380952 0.19368386243386246 0.28857886904761904
8 0.2954431216931217 0.5564707341269841 0.15316137566137566 0.28090773809523806
8 0.137119708994709 0.11568204365079365 0.19487433862433862 0.1941592261904762
8 0.1447718253968254 0.29447420634920635 0.2329398148148148 0.2518229166666667
8 0.7663624338624339 0.38374255952380953 0.34224867724867725 0.2416889880952381
8 0.11717592592592592 0.6074801587301588 0.23434854497354496 0.23777529761904762
7 0.5060945767195767 0.8807936507936508 0.32709656084656086 0.23791666666666667
7 0.8935185185185185 0.250875496031746 0.21296296296296297 0.24725446428571426
7 0.264130291005291 0.8119419642857143 0.2240277777777778 0.26847718253968256
2 0.129510582010582 0.7406622023809524 0.2557142857142857 0.22254464285714284
1 0.582119708994709 0.06888144841269842 0.2978373015873016 0.137765376984127
1 0.6420965608465609 0.21617311507936507 0.3218915343915344 0.18185019841269842
8 0.49669973544973545 0.3543030753968254 0.17329365079365078 0.2745808531746031