2 0.6783035714285715 0.1637797619047619 0.34219907407407407 0.13901785714285714
2 0.727473544973545 0.34070684523809525 0.1643716931216931 0.2620436507936508
2 0.30361441798941796 0.1598685515873016 0.31262896825396824 0.11351686507936508
2 0.07856150793650793 0.14669890873015873 0.157119708994709 0.10652281746031746
2 0.028968253968253966 0.32645833333333335 0.05793650793650793 0.24340277777777777
2 0.05548280423280423 0.5727703373015872 0.11096560846560846 0.23466021825396824
2 0.0653042328042328 0.7456919642857143 0.13060515873015874 0.11344742063492064
2 0.07634920634920635 0.8743477182539682 0.1526984126984127 0.10801835317460316
4 0.208614417989418 0.8126760912698413 0.13833994708994707 0.2343080357142857
4 0.3502215608465608 0.8169097222222222 0.16328703703703704 0.23247271825396826
1 0.4840310846560847 0.81765625 0.17263888888888887 0.22066468253968255
1 0.6182804232804233 0.8311507936507936 0.169130291005291 0.2076686507936508
1 0.7748313492063492 0.8073487103174604 0.1512962962962963 0.2383358134920635
3 0.7662301587301588 0.5809970238095238 0.16541666666666668 0.15265873015873016
6 0.6133068783068784 0.5833804563492063 0.15230489417989418 0.2097544642857143
6 0.45439484126984125 0.5966021825396826 0.16738425925925926 0.19509424603174602
6 0.3293253968253968 0.5811706349206349 0.1588128306878307 0.1935515873015873
6 0.19170304232804233 0.5783134920634921 0.17915013227513227 0.20000248015873015
3 0.1479728835978836 0.3546031746031746 0.15479166666666666 0.18490079365079365
7 0.29578373015873016 0.36413442460317463 0.13886243386243385 0.24243551587301587
7 0.4373842592592593 0.3641294642857143 0.1654530423280423 0.2446577380952381
7 0.5776587301587301 0.3503943452380952 0.16284060846560847 0.2516592261904762