7 0.4765641534391535 0.5413839285714286 0.15793320105820105 0.20219494047619047
7 0.3466335978835979 0.7259771825396825 0.27329695767195766 0.24659722222222222
7 0.598181216931217 0.7123784722222222 0.28035383597883595 0.17494295634920634
7 0.715790343915344 0.4641765873015873 0.16835317460317462 0.20166914682539683
7 0.7795436507936508 0.017981150793650792 0.20327050264550267 0.035962301587301584
7 0.3779265873015873 0.3633010912698412 0.1398941798941799 0.17791666666666667
7 0.898260582010582 0.34321676587301586 0.17388558201058202 0.17213541666666665
7 0.22682539682539682 0.5629737103174602 0.3360383597883598 0.13173363095238094
7 0.44642857142857145 0.5999776785714286 0.239021164021164 0.21471478174603176
2 0.3182936507936508 0.1288764880952381 0.2698015873015873 0.09778025793650794
2 0.17127645502645505 0.4664930555555556 0.2887301587301587 0.14808035714285714
8 0.25402116402116404 0.24645833333333333 0.2369378306878307 0.14307539682539683
8 0.5497486772486773 0.13116319444444444 0.15661375661375662 0.12328621031746032
8 0.7793683862433862 0.18457093253968254 0.1374404761904762 0.1583407738095238
8 0.7123015873015873 0.3140451388888889 0.2066335978835979 0.12425595238095238
8 0.8228306878306878 0.6607341269841269 0.30010912698412695 0.1029985119047619
8 0.8787466931216931 0.4347594246031746 0.24250661375661375 0.11571180555555556
8 0.9445304232804234 0.32187251984126986 0.11093915343915345 0.13368551587301586
8 0.19350529100529099 0.6928199404761904 0.30527777777777776 0.1268030753968254
8 0.5107705026455026 0.28508184523809527 0.25407738095238097 0.10669394841269841
8 0.42375 0.18538938492063492 0.13325396825396824 0.15847222222222224
8 0.5142857142857143 0.36138392857142854 0.1554596560846561 0.18454613095238095
8 0.3094675925925926 0.4224627976190476 0.2521494708994709 0.14673363095238096
8 0.7225066137566138 0.11949404761904762 0.22106150793650794 0.06855406746031746
8 0.8812400793650793 0.21398065476190475 0.23752314814814815 0.07961061507936508
8 0.3296626984126984 0.27359871031746036 0.22675925925925927 0.14203621031746033
8 0.5525033068783068 0.6654389880952382 0.33822089947089945 0.1223139880952381
8 0.8802414021164021 0.03840525793650793 0.2395138888888889 0.06372767857142857
4 0.5975429894179894 0.2074454365079365 0.2322718253968254 0.10987599206349206
8 0.6248809523809524 0.5461135912698413 0.17730820105820105 0.0873735119047619
1 0.8960482804232804 0.5691592261904762 0.13983796296296297 0.14654017857142856
3 0.7644576719576719 0.5862078373015873 0.1755291005291005 0.10028025793650794
1 0.9680456349206349 0.48075644841269843 0.06390873015873015 0.15371031746031746