7 0.5103637566137565 0.4683606150793651 0.27998677248677245 0.2819593253968254
7 0.904265873015873 0.11568948412698413 0.19146825396825398 0.2313764880952381
7 0.6358630952380953 0.7122718253968254 0.20029761904761906 0.13485863095238096
7 0.37365740740740744 0.47453124999999996 0.2512830687830688 0.21493551587301588
7 0.30067460317460315 0.259484126984127 0.19546626984126986 0.2573214285714286
4 0.7174966931216932 0.10974702380952381 0.18868716931216933 0.21949404761904762
4 0.6377910052910053 0.2975372023809524 0.3237632275132275 0.24759672619047618
4 0.18486441798941797 0.5131795634920635 0.365 0.19549107142857144
4 0.4984689153439153 0.6957217261904762 0.17591269841269844 0.25564484126984127
4 0.9085416666666666 0.7663839285714286 0.18291666666666667 0.11922619047619049
4 0.25139880952380955 0.6346329365079365 0.3436375661375662 0.1452876984126984
4 0.08655753968253968 0.23688988095238095 0.17311507936507936 0.2173090277777778
4 0.1655522486772487 0.11322172619047619 0.3295271164021164 0.20635416666666667
4 0.479890873015873 0.051289682539682545 0.35780092592592594 0.09785218253968254
8 0.8234457671957671 0.6306646825396826 0.35311177248677245 0.168077876984127
8 0.6890277777777778 0.5079737103174603 0.23556216931216933 0.2098958333333333
8 0.8628406084656085 0.30962549603174605 0.27431878306878305 0.20085813492063492
8 0.558941798941799 0.14756200396825397 0.2243716931216931 0.10720238095238095
4 0.16508928571428572 0.39252480158730163 0.33018187830687834 0.20237847222222222
8 0.35935185185185187 0.7472222222222222 0.24909722222222222 0.15299603174603174
1 0.9128736772486773 0.5180431547619048 0.17425264550264552 0.2040327380952381