4 0.7135846560846562 0.1601810515873016 0.2686474867724868 0.18933779761904762
4 0.8123478835978836 0.26698660714285716 0.3074074074074074 0.15941964285714286
8 0.6314616402116402 0.06909970238095238 0.342228835978836 0.13819940476190476
2 0.23359126984126985 0.10146577380952382 0.3135218253968254 0.11446676587301587
8 0.21329365079365079 0.4261160714285714 0.20783068783068784 0.23328621031746033
7 0.32908068783068783 0.3760639880952381 0.14552579365079366 0.1873735119047619
4 0.3658730158730159 0.5125694444444444 0.15216931216931218 0.09073164682539682
6 0.4432837301587302 0.5971850198412698 0.16352513227513227 0.13276289682539683
6 0.38439814814814816 0.710138888888889 0.26955357142857145 0.1596999007936508
6 0.2965740740740741 0.655625 0.21058862433862435 0.13535218253968254
6 0.27802579365079366 0.8203521825396825 0.3099371693121693 0.1702331349206349
3 0.08193121693121692 0.5059573412698413 0.16386243386243385 0.16350446428571427
7 0.12400793650793651 0.5536755952380953 0.14538690476190474 0.08050347222222222
7 0.6740641534391534 0.3896453373015873 0.29991402116402116 0.10024553571428571
7 0.6403339947089947 0.3454092261904762 0.21714616402116402 0.2097470238095238
4 0.8570568783068783 0.5646651785714286 0.28588624338624335 0.14997271825396827
4 0.9536541005291005 0.7025223214285715 0.09269179894179895 0.22771329365079365
4 0.8727347883597883 0.784516369047619 0.20310846560846563 0.2472842261904762
1 0.7195767195767195 0.7036681547619048 0.17287367724867725 0.19413938492063493
4 0.7821296296296296 0.7015029761904762 0.13156746031746033 0.23906249999999998
8 0.7139682539682539 0.5341369047619048 0.3127678571428571 0.2027281746031746
8 0.7362996031746032 0.48881200396825397 0.30260251322751325 0.09151537698412698
3 0.5796593915343916 0.6906274801587302 0.17231481481481484 0.11593501984126983
7 0.12208002645502646 0.7693303571428571 0.2441600529100529 0.2761656746031746
1 0.20257936507936508 0.6295510912698412 0.3086177248677249 0.15059771825396825