4 0.5476686507936508 0.649451884920635 0.14312830687830688 0.20113839285714286
4 0.26104166666666667 0.7121701388888888 0.28700396825396823 0.12107638888888889
4 0.9048379629629629 0.7361408730158729 0.19032076719576718 0.09855902777777778
4 0.5199702380952381 0.4058531746031746 0.23531415343915346 0.1127108134920635
4 0.3195734126984127 0.4712698412698413 0.23480820105820105 0.1783482142857143
4 0.11513888888888889 0.3848983134920635 0.18175595238095238 0.15571428571428572
4 0.2622123015873016 0.2978720238095238 0.23330026455026456 0.118125
4 0.5254761904761904 0.22367063492063494 0.24632936507936506 0.11679563492063492
4 0.6959689153439154 0.2739756944444445 0.14456679894179894 0.1506919642857143
4 0.6251289682539682 0.3400347222222222 0.20101521164021163 0.1478670634920635
4 0.8149966931216932 0.16755952380952382 0.22695767195767197 0.127390873015873
4 0.7573313492063493 0.26347966269841266 0.13993055555555556 0.15547619047619046
8 0.6472354497354498 0.1220734126984127 0.2007440476190476 0.0667485119047619
8 0.79823082010582 0.0353125 0.19140211640211638 0.06910714285714285
8 0.48220568783068785 0.1437624007936508 0.12946097883597885 0.13438492063492063
8 0.3597255291005291 0.19477182539682542 0.12912367724867727 0.14997519841269843
8 0.18570105820105817 0.2619593253968254 0.26627645502645503 0.15395337301587303
8 0.825978835978836 0.4070436507936508 0.2145535714285714 0.12267609126984128
8 0.9060383597883598 0.32853174603174606 0.1158994708994709 0.14608630952380952
8 0.8006746031746032 0.6463045634920636 0.2771593915343915 0.1235813492063492
8 0.3345998677248677 0.6281671626984127 0.2628439153439154 0.19041170634920634
8 0.7177083333333333 0.5458482142857143 0.2507175925925926 0.1470734126984127
7 0.4551851851851852 0.5533705357142857 0.16639219576719577 0.18651041666666665
7 0.6796825396825398 0.476344246031746 0.1807308201058201 0.15059275793650795
7 0.5885912698412699 0.7032638888888889 0.3139318783068783 0.14500248015873016
7 0.9558862433862434 0.5988492063492064 0.08822751322751324 0.186359126984127
7 0.16344907407407408 0.6126190476190476 0.1975132275132275 0.11837549603174603
7 0.3465707671957672 0.39183779761904763 0.16953042328042328 0.16049355158730158
2 0.15444775132275132 0.4996453373015873 0.28868055555555555 0.1623214285714286
2 0.23875330687830687 0.13832093253968256 0.26965277777777774 0.10075644841269842
3 0.7446395502645502 0.576500496031746 0.1485681216931217 0.11132936507936508
8 0.8601488095238096 0.27165922619047617 0.1905026455026455 0.1367485119047619
1 0.9377876984126984 0.4622172619047619 0.12442460317460317 0.1232638888888889