2 0.8786375661375662 0.15556299603174603 0.24272486772486773 0.13503224206349207
2 0.6339715608465609 0.10310019841269841 0.355244708994709 0.10699652777777778
2 0.6270469576719577 0.18844990079365082 0.3248611111111111 0.12888640873015872
2 0.4098346560846561 0.1253546626984127 0.17813161375661374 0.208546626984127
2 0.2592361111111111 0.11607638888888888 0.2109292328042328 0.21231150793650794
4 0.3251421957671958 0.300421626984127 0.36919973544973544 0.10729166666666667
4 0.29796626984126984 0.39987599206349206 0.35453373015873013 0.1177108134920635
6 0.6451157407407407 0.30911954365079364 0.2849404761904762 0.1271651785714286
6 0.6169179894179894 0.39448908730158727 0.2880654761904762 0.12181299603174603
6 0.6051719576719576 0.4938888888888889 0.30095238095238097 0.129640376984127
6 0.6358862433862434 0.60265625 0.29955026455026457 0.1686061507936508
1 0.3615013227513228 0.6247941468253968 0.2997255291005291 0.16079861111111113
1 0.3034027777777778 0.5050099206349207 0.31580026455026455 0.12956349206349205
1 0.3452248677248677 0.7617584325396825 0.33661044973544973 0.13710565476190475
3 0.6829034391534391 0.74171875 0.24146825396825397 0.1565500992063492
10 0.8951719576719577 0.7122693452380953 0.20965608465608465 0.13278521825396825
7 0.8835978835978836 0.6002306547619047 0.2328042328042328 0.12406994047619048
7 0.8728505291005291 0.4973090277777778 0.2542989417989418 0.12407986111111112
7 0.87119708994709 0.39167410714285716 0.2576058201058201 0.11370535714285714
3 0.8893849206349206 0.28506448412698415 0.22123015873015872 0.12866319444444443