2 0.7565046296296296 0.20184275793650794 0.31874007936507937 0.09608382936507937
2 0.41795965608465613 0.18833085317460319 0.28034391534391534 0.1076810515873016
2 0.17582341269841273 0.17072420634920635 0.2549867724867725 0.1009250992063492
2 0.14040674603174602 0.32460069444444445 0.1272387566137566 0.1993204365079365
2 0.1445006613756614 0.5346031746031746 0.11571097883597885 0.20658978174603176
2 0.047880291005291 0.517889384920635 0.09575727513227512 0.21020833333333333
2 0.10366402116402117 0.6836259920634921 0.20732473544973545 0.09486855158730159
2 0.12180224867724868 0.8049776785714285 0.18369378306878306 0.11030257936507937
7 0.645433201058201 0.3647247023809524 0.1385681216931217 0.21913690476190475
7 0.5173048941798941 0.367452876984127 0.14564484126984129 0.22989583333333335
7 0.3959424603174603 0.36214285714285716 0.1256084656084656 0.20867063492063492
4 0.3945800264550265 0.7705753968253969 0.14054894179894178 0.2183110119047619
4 0.2821792328042328 0.7563814484126984 0.1402017195767196 0.22306051587301587
1 0.7883134920634921 0.787140376984127 0.17160714285714287 0.2368625992063492
1 0.6427546296296296 0.7895982142857142 0.16856150793650795 0.20201140873015871
1 0.5101223544973544 0.7738020833333333 0.19136904761904763 0.21548363095238096
6 0.28208002645502644 0.5453968253968254 0.16651124338624337 0.18813492063492063
6 0.3916732804232804 0.5579960317460317 0.13650793650793652 0.19212549603174603
6 0.5122189153439154 0.5749355158730158 0.1672850529100529 0.19684275793650793
6 0.6549768518518518 0.5719295634920635 0.1647255291005291 0.17235367063492063
3 0.7966633597883598 0.5721056547619048 0.16886574074074073 0.142140376984127
3 0.2657275132275132 0.34132936507936507 0.14618055555555556 0.15643849206349206
2 0.7673511904761904 0.35777777777777775 0.15838955026455026 0.22156746031746033