2 0.8720238095238095 0.7064558531746031 0.25595238095238093 0.11578869047619048
7 0.8703703703703703 0.6087326388888888 0.25925925925925924 0.1212375992063492
7 0.8579695767195767 0.5036979166666666 0.28406084656084657 0.08477678571428571
7 0.8703703703703703 0.40796130952380955 0.25925925925925924 0.09419642857142857
2 0.8976521164021164 0.1970188492063492 0.2046957671957672 0.1013814484126984
2 0.668968253968254 0.1279265873015873 0.3227248677248677 0.09960317460317461
2 0.6688359788359788 0.21573660714285714 0.32246031746031745 0.10175843253968254
2 0.4505720899470899 0.13957589285714286 0.13725529100529102 0.19482886904761904
2 0.3163095238095238 0.1533110119047619 0.14651124338624338 0.21733878968253967
3 0.8984788359788359 0.31392113095238094 0.20304232804232805 0.1020486111111111
3 0.5267493386243387 0.689764384920635 0.22677910052910052 0.11217013888888888
6 0.6546230158730159 0.3184871031746032 0.26427248677248677 0.14342261904761905
6 0.6239748677248678 0.411922123015873 0.2658101851851852 0.11699900793650794
6 0.5977579365079365 0.49697420634920636 0.3092691798941799 0.12093253968253968
6 0.6171263227513227 0.5999727182539683 0.29840608465608465 0.14587797619047618
1 0.3294345238095238 0.6983506944444444 0.30833994708994705 0.1293402777777778
1 0.32240410052910057 0.6071701388888889 0.277744708994709 0.12058779761904762
1 0.3386177248677249 0.4905530753968254 0.2671858465608466 0.09072916666666667
4 0.3431712962962963 0.41735863095238096 0.33912367724867726 0.10555307539682539
4 0.37758597883597883 0.3213814484126984 0.30212632275132273 0.10704861111111111