7 0.8447420634920635 0.3747420634920635 0.310515873015873 0.2137673611111111
7 0.7293320105820106 0.7668452380952381 0.4269179894179894 0.14480406746031746
7 0.4264616402116402 0.6777703373015873 0.30398148148148146 0.3064360119047619
7 0.499239417989418 0.5287078373015873 0.4098511904761905 0.14471726190476192
7 0.6507804232804233 0.30801339285714285 0.18383597883597882 0.28120783730158727
7 0.5302149470899471 0.2988020833333333 0.3924404761904762 0.2032564484126984
7 0.3623544973544974 0.22850198412698414 0.28489417989417987 0.2858730158730159
7 0.37078042328042327 0.40783978174603175 0.4075661375661376 0.15099950396825398
4 0.7907242063492064 0.5588938492063492 0.24216269841269839 0.28445188492063495
4 0.24926917989417988 0.6769419642857143 0.2108399470899471 0.30477926587301585
4 0.5259887566137565 0.713187003968254 0.29800595238095234 0.3078199404761905
1 0.7936375661375662 0.10752728174603175 0.2546031746031746 0.21505704365079364
8 0.9406415343915344 0.20333333333333334 0.11871693121693122 0.21321676587301588
6 0.9522156084656085 0.8090525793650793 0.09556878306878307 0.19697420634920637