4 0.4683234126984127 0.4766493055555555 0.37447751322751327 0.1844469246031746
4 0.546114417989418 0.1647519841269841 0.3977810846560847 0.16085069444444444
4 0.13229828042328043 0.28647321428571426 0.26459656084656086 0.19100198412698413
4 0.1534920634920635 0.5650124007936508 0.306984126984127 0.2842881944444444
4 0.438640873015873 0.8528025793650794 0.24566468253968254 0.2943948412698413
4 0.11638227513227513 0.9219915674603174 0.23276455026455026 0.1549950396825397
4 0.7829629629629629 0.28883432539682535 0.1902612433862434 0.20316468253968253
4 0.655297619047619 0.381187996031746 0.3119179894179894 0.2514657738095238
4 0.9117063492063492 0.09968253968253969 0.1765873015873016 0.1894469246031746
4 0.9191468253968254 0.9749503968253969 0.16170634920634921 0.05009920634920635
4 0.8270502645502645 0.16742559523809522 0.2585945767195767 0.265406746031746
8 0.25876984126984126 0.1259201388888889 0.18354497354497354 0.2518402777777778
8 0.4337169312169312 0.07006448412698413 0.2135383597883598 0.14012896825396826
8 0.8654100529100529 0.5036036706349206 0.2691798941798942 0.1837921626984127
8 0.8240740740740741 0.8839632936507936 0.35185185185185186 0.15086309523809524
8 0.4107804232804233 0.29906001984126984 0.3817427248677249 0.18145337301587303
8 0.08710648148148149 0.16276785714285713 0.17421296296296299 0.15936507936507935
7 0.2012202380952381 0.4267509920634921 0.22586970899470898 0.26752728174603174
7 0.3450033068783069 0.6904960317460317 0.2601124338624339 0.3021230158730159
7 0.7076917989417989 0.5857886904761905 0.25136243386243384 0.25392113095238095
8 0.149619708994709 0.8141641865079365 0.299239417989418 0.30888640873015877
3 0.7435119047619048 0.7860193452380952 0.24043650793650795 0.18632688492063493