3 0.8043022486772486 0.713546626984127 0.2660085978835979 0.2787797619047619
7 0.3423015873015873 0.8008110119047619 0.48949404761904763 0.17304811507936507
7 0.4502083333333334 0.5545982142857142 0.3283234126984127 0.3031473214285714
7 0.6107043650793651 0.09100446428571429 0.36162037037037037 0.18201140873015872
7 0.06721230158730158 0.6022718253968254 0.13442460317460317 0.14055555555555557
7 0.0646031746031746 0.28359126984126987 0.1292063492063492 0.14059275793650794
7 0.9546957671957672 0.5697842261904762 0.09060846560846561 0.24671378968253968
7 0.04877645502645503 0.7973759920634921 0.09755291005291006 0.15127976190476192
7 0.0818452380952381 0.46738343253968256 0.1636904761904762 0.12178075396825397
7 0.1717857142857143 0.3754885912698413 0.3105026455026455 0.21526537698412698
4 0.5412632275132275 0.30094742063492064 0.32194113756613757 0.28195436507936505
4 0.2423478835978836 0.5770734126984127 0.22014550264550264 0.303452380952381
4 0.19438492063492066 0.20694940476190476 0.3887698412698413 0.26013144841269836
8 0.8362334656084656 0.08866567460317461 0.31496693121693126 0.17733134920634921
1 0.7754166666666668 0.46571676587301586 0.3768948412698413 0.19234871031746031
1 0.36593253968253964 0.36012400793650795 0.26890211640211636 0.23165674603174602
1 0.7450033068783068 0.2771527777777778 0.3491335978835979 0.16988095238095238
3 0.9421263227513227 0.31990575396825394 0.11541005291005291 0.16858382936507937
6 0.6090641534391534 0.6482589285714286 0.32526785714285716 0.28213293650793647
8 0.4011044973544974 0.16229910714285714 0.42191798941798947 0.1336284722222222