6 0.6081934523809523 0.2901778273809524 0.6451087962962962 0.5353452380952382 0.813375992063492 0.5011914682539683 0.7677976190476191 0.2674833829365079
1 0.5407562830687831 0.3194908234126984 0.4122678571428572 0.5563645833333334 0.5646623677248678 0.6035104166666666 0.698962962962963 0.3750637400793651
1 0.4042748015873016 0.5971066468253968 0.27656977513227515 0.7954412202380953 0.4366706349206349 0.8420900297619047 0.5695777116402116 0.6390034722222222
1 0.43230853174603173 0.3290756448412699 0.3346527777777778 0.3566289682539683 0.4263915343915344 0.3965409226190476 0.33953968253968253 0.49727554563492066 0.3869966931216931 0.6120198412698413 0.5091481481481481 0.5829429563492063 0.4193882275132275 0.5576222718253968 0.48648214285714286 0.43050074404761907
8 0.7682255291005291 0.7449875992063492 0.7423042328042329 0.9967581845238096 0.9098809523809523 0.9997519841269841 0.9322804232804233 0.7659640376984127
8 0.9377936507936507 0.7480739087301587 0.9019728835978835 0.9997519841269841 0.9996693121693122 0.9988149801587302 0.9996693121693122 0.7497733134920634
8 0.5728088624338624 0.8240691964285715 0.6415909391534391 0.9997519841269841 0.7392546296296296 0.9996207837301587 0.7225945767195768 0.7783077876984127
8 0.5076699735449736 0.7852961309523809 0.49569047619047624 0.9968581349206349 0.6394947089947091 0.9995389384920635 0.5712175925925926 0.8228635912698413 0.6605978835978835 0.7915845734126984 0.6605978835978835 0.7820488591269841
3 0.19748478835978836 0.8682705853174604 0.18742394179894178 0.9988968253968254 0.3644837962962963 0.9974489087301587 0.37759391534391534 0.8748621031746031
4 0.031018518518518518 0.439687748015873 0.2941712962962963 0.6489930555555555 0.38650793650793647 0.5831969246031745 0.3299474206349206 0.49737475198412695 0.1116789021164021 0.3906123511904762
7 0.035154431216931216 0.9352085813492064 0.12755952380952382 0.9774744543650794 0.17169642857142858 0.9453531746031747 0.10756316137566138 0.887032986111111 0.1901742724867725 0.8365188492063492 0.36632969576719576 0.8781423611111111 0.4466911375661376 0.9830419146825397 0.49481812169312167 0.9118447420634921 0.15252380952380953 0.8002993551587301
4 0.11574074074074074 0.22941468253968253 0.0021183862433862433 0.34991542658730157 0.34179695767195767 0.5021158234126984 0.4296101190476191 0.39116765873015874