7 0.22476521164021165 0.5900049603174603 0.44952711640211634 0.2844890873015873
7 0.08000330687830688 0.36365327380952384 0.14304232804232805 0.1420734126984127
7 0.3196130952380952 0.2400892857142857 0.2566104497354497 0.08295386904761906
7 0.5625694444444445 0.7975644841269842 0.26566137566137565 0.17303819444444446
6 0.5115674603174604 0.6354811507936509 0.4319411375661376 0.23028769841269842
6 0.7552116402116403 0.905 0.4398511904761904 0.19000248015873017
6 0.47471560846560845 0.9375124007936508 0.3199041005291005 0.12497519841269841
8 0.9141865079365079 0.35715277777777776 0.17162367724867725 0.14320684523809524
8 0.7298743386243386 0.19676835317460317 0.4476025132275132 0.2578298611111111
8 0.9377480158730159 0.41849702380952386 0.12450396825396826 0.25317460317460316
4 0.22395833333333334 0.8753125 0.44791997354497354 0.24937251984126985
1 0.30399801587301584 0.744342757936508 0.31773809523809526 0.22602182539682542
3 0.862255291005291 0.612093253968254 0.20534722222222224 0.1936656746031746
1 0.9580092592592593 0.6136582341269842 0.08398148148148149 0.3127108134920635
8 0.24841269841269842 0.4039012896825397 0.291385582010582 0.25366815476190474
4 0.7736177248677248 0.4571626984126984 0.31080026455026455 0.1679389880952381
3 0.09942460317460318 0.7402132936507937 0.19884920634920636 0.17349950396825395
6 0.44892195767195764 0.4097395833333333 0.2784292328042328 0.28973710317460316