4 0.34026455026455027 0.19171626984126985 0.3862136243386244 0.13045634920634921
4 0.31443121693121695 0.30718253968253967 0.40730158730158733 0.12577628968253968
1 0.31996031746031744 0.42390873015873015 0.33899470899470896 0.1484126984126984
1 0.32779431216931215 0.5714012896825397 0.3315145502645503 0.18297867063492063
1 0.28618055555555555 0.7153943452380952 0.39048280423280424 0.15846974206349207
6 0.6765476190476191 0.5879067460317461 0.36433862433862435 0.20607142857142857
6 0.6566798941798941 0.44290426587301585 0.35767195767195764 0.1988045634920635
6 0.72375 0.3364831349206349 0.3595403439153439 0.17197420634920635
6 0.7392989417989417 0.20431795634920633 0.30465939153439153 0.22510416666666666
2 0.45920965608465614 0.052083333333333336 0.18938492063492066 0.10416666666666667
2 0.2983928571428571 0.045262896825396824 0.19996362433862436 0.09052579365079365
2 0.7651851851851852 0.0690922619047619 0.41925595238095237 0.12470982142857143
7 0.9398148148148148 0.3322891865079365 0.12037037037037036 0.15366319444444446
7 0.9298941798941799 0.46054563492063494 0.1402116402116402 0.1224826388888889
7 0.9183201058201058 0.6060863095238095 0.16335978835978837 0.13082341269841272
2 0.9158399470899471 0.74171875 0.16832010582010581 0.1540699404761905
3 0.6634854497354498 0.7661731150793651 0.3150628306878307 0.17569940476190476