8 0.3657539682539682 0.16705109126984125 0.3049173280423281 0.11337053571428572
8 0.4071759259259259 0.06432043650793651 0.144864417989418 0.12473958333333333
8 0.5792493386243387 0.0519171626984127 0.16401455026455028 0.10383680555555556
8 0.7888888888888889 0.025592757936507934 0.2687003968253968 0.05118551587301587
8 0.8389054232804233 0.08907490079365078 0.09703703703703703 0.09820188492063492
8 0.8899933862433863 0.40977430555555555 0.22001322751322752 0.21310515873015873
8 0.7357539682539683 0.25213789682539683 0.18193121693121692 0.08990575396825397
8 0.7795899470899471 0.5832118055555556 0.29299933862433863 0.11051835317460318
8 0.5421395502645503 0.8132043650793651 0.25749007936507934 0.2721577380952381
8 0.2659391534391535 0.6456498015873017 0.29658068783068786 0.23831597222222223
8 0.6488988095238095 0.6660739087301588 0.15251322751322752 0.10561755952380952
8 0.8812202380952381 0.6872495039682539 0.23756283068783068 0.05827132936507936
1 0.5366468253968254 0.4473288690476191 0.16201058201058202 0.18974454365079363
1 0.7113591269841271 0.46799603174603177 0.17213955026455025 0.16770585317460318
7 0.7084920634920635 0.7661259920634921 0.1781084656084656 0.13705109126984127
7 0.5411309523809524 0.5764980158730159 0.3347751322751323 0.09318700396825397
7 0.3427943121693121 0.4816393849206349 0.17729497354497353 0.135515873015873
7 0.06499669312169312 0.5722147817460318 0.10659060846560846 0.10022073412698412
7 0.7050595238095237 0.34520585317460317 0.20633597883597884 0.15904761904761905
4 0.6638128306878307 0.16423363095238097 0.27984457671957674 0.09251984126984128
4 0.8752678571428572 0.2196502976190476 0.19186507936507938 0.20335565476190476
4 0.9189186507936508 0.08984375 0.16216269841269842 0.16993799603174606
4 0.42970568783068785 0.30699156746031747 0.14702050264550265 0.20156498015873017
4 0.4034755291005291 0.41382440476190474 0.14136574074074074 0.19975694444444445
4 0.5550363756613756 0.3015649801587302 0.15069113756613756 0.1770610119047619
4 0.6147486772486772 0.2605381944444444 0.16221891534391536 0.11450644841269841
4 0.29912037037037037 0.25249503968253967 0.1978472222222222 0.12084573412698413
4 0.20238756613756614 0.3453670634920635 0.24747685185185186 0.2110391865079365
4 0.4889417989417989 0.6777951388888889 0.1991931216931217 0.14856150793650794
4 0.2518816137566138 0.7668923611111111 0.25546626984126986 0.23218253968253968
4 0.0973941798941799 0.6707638888888889 0.18179232804232803 0.15009920634920637
4 0.9481679894179895 0.8245089285714285 0.10366402116402117 0.11049603174603174
3 0.8815443121693122 0.739250992063492 0.23691137566137566 0.15349950396825396
2 0.11508597883597883 0.47316220238095236 0.23017526455026455 0.2063095238095238
2 0.23450727513227512 0.04826140873015873 0.2103207671957672 0.09652281746031746
1 0.9634424603174603 0.5817385912698413 0.07311507936507937 0.16509424603174602