2 0.2958366402116402 0.09217261904761904 0.3304298941798942 0.09753968253968254
8 0.715353835978836 0.07555555555555556 0.299755291005291 0.12630952380952382
4 0.9290674603174603 0.10440972222222222 0.14186507936507936 0.19145585317460317
4 0.11408730158730158 0.7423983134920634 0.22817460317460317 0.31827876984126985
4 0.5434556878306879 0.5482291666666667 0.15978174603174602 0.2378670634920635
4 0.3422685185185185 0.6829340277777778 0.2348015873015873 0.24979910714285716
7 0.5524272486772487 0.7851736111111112 0.38395171957671953 0.19137896825396825
1 0.8571527777777779 0.4261160714285714 0.23282407407407404 0.19746775793650795
1 0.4987863756613756 0.18426091269841272 0.2270701058201058 0.16762896825396825
8 0.707635582010582 0.27629216269841267 0.27770833333333333 0.2028844246031746
8 0.8819444444444444 0.23517857142857143 0.2361111111111111 0.17025793650793652
7 0.18061838624338628 0.45095982142857144 0.35304894179894175 0.08766369047619046
6 0.2645403439153439 0.536780753968254 0.28110449735449733 0.11691716269841271
3 0.9216269841269841 0.7493874007936508 0.15674603174603174 0.24877728174603175
3 0.9480820105820106 0.3498561507936508 0.10383597883597884 0.10447172619047619
7 0.32595568783068785 0.36347718253968253 0.3170006613756614 0.1138219246031746
7 0.21970568783068783 0.24996775793650794 0.12195436507936509 0.06342757936507937
1 0.7241170634920635 0.4215649801587302 0.1390707671957672 0.09685267857142857