2 0.8571428571428571 0.1662078373015873 0.2857142857142857 0.11167906746031747
2 0.5732208994708995 0.144422123015873 0.28334656084656085 0.09291418650793651
2 0.3655555555555556 0.13937748015873017 0.2846825396825397 0.1001860119047619
2 0.11208333333333333 0.16625 0.19770833333333335 0.09440476190476191
2 0.2764054232804233 0.26578125 0.12622354497354496 0.20666170634920636
2 0.2747420634920635 0.4551041666666667 0.13612433862433862 0.1984027777777778
2 0.18883597883597883 0.4279935515873016 0.14619378306878306 0.2037078373015873
2 0.1923313492063492 0.5823933531746032 0.21931878306878308 0.10080109126984127
2 0.17406084656084655 0.6575 0.24891203703703704 0.09724454365079364
4 0.4672354497354498 0.6854538690476191 0.15735449735449736 0.2300347222222222
4 0.3633895502645503 0.6551810515873016 0.1249239417989418 0.20669146825396825
1 0.8434953703703704 0.7272668650793651 0.1823611111111111 0.24669890873015873
1 0.697609126984127 0.7179737103174603 0.19812830687830688 0.22067212301587302
1 0.5824636243386243 0.6964484126984127 0.12987103174603176 0.2222594246031746
3 0.8397916666666667 0.5938392857142858 0.17164682539682538 0.1534499007936508
3 0.4087367724867725 0.27958333333333335 0.1428670634920635 0.13505704365079363
6 0.7371428571428571 0.50421875 0.18791005291005292 0.2197470238095238
6 0.6006580687830688 0.5212996031746032 0.16295304232804234 0.18694196428571427
6 0.520433201058201 0.48625992063492063 0.16785052910052908 0.17638640873015873
6 0.41025793650793646 0.4692708333333333 0.17236441798941798 0.17217261904761905
2 0.8858531746031747 0.30590773809523814 0.1844047619047619 0.2422718253968254
7 0.7762996031746032 0.3078695436507936 0.17032407407407404 0.22635416666666666
7 0.653234126984127 0.31217261904761906 0.14575396825396825 0.22751984126984126
7 0.5288690476190476 0.2949131944444444 0.13180886243386242 0.19052083333333333