8 0.6276058201058201 0.25387400793650794 0.36896825396825395 0.16796875
8 0.40469576719576716 0.16265873015873017 0.3302876984126984 0.08970238095238095
8 0.5427777777777777 0.37282242063492066 0.3150496031746032 0.1107266865079365
7 0.31737103174603176 0.41296875 0.3404265873015873 0.17365575396825395
8 0.34725529100529096 0.48363343253968255 0.3736111111111111 0.10664186507936509
8 0.5703902116402116 0.9079861111111112 0.22808531746031746 0.1840277777777778
8 0.1423181216931217 0.8986855158730159 0.2846362433862434 0.20262896825396826
8 0.5877579365079365 0.042782738095238096 0.3653339947089947 0.08556547619047619
8 0.7569609788359789 0.42001984126984127 0.20333994708994707 0.24875248015873017
8 0.34605820105820106 0.6724851190476191 0.20073743386243387 0.27705109126984123
8 0.4254034391534392 0.7730034722222222 0.4275231481481481 0.2439236111111111
8 0.6376521164021164 0.5613665674603174 0.3582936507936508 0.20415178571428572
8 0.14956349206349207 0.2142485119047619 0.21645171957671955 0.2201636904761905
8 0.1298478835978836 0.45682539682539686 0.2596924603174603 0.17761656746031745
8 0.3379265873015873 0.32699652777777777 0.2992592592592593 0.23732390873015874
8 0.04158399470899471 0.30669394841269837 0.08316798941798942 0.22896329365079363
8 0.8097916666666667 0.8596230158730159 0.2108531746031746 0.28075396825396826
8 0.1458234126984127 0.7795039682539683 0.2916435185185185 0.15771825396825395
1 0.8149272486772488 0.6467509920634921 0.20738425925925927 0.2195907738095238
1 0.5003835978835979 0.5273983134920635 0.17405092592592594 0.22642609126984128
1 0.7053406084656084 0.7871130952380953 0.1904431216931217 0.26222470238095236
3 0.1672883597883598 0.6412599206349207 0.24895833333333334 0.20860863095238097
4 0.22089285714285714 0.2932886904761905 0.36572751322751323 0.1947123015873016
8 0.04133597883597884 0.6437227182539682 0.08267195767195767 0.1436061507936508