3 0.6950992063492063 0.3330332341269841 0.16003968253968254 0.17251736111111113
3 0.28404761904761905 0.1549578373015873 0.16134589947089947 0.12886160714285716
1 0.18780753968253966 0.34682539682539687 0.28302248677248676 0.10833333333333334
1 0.4452149470899471 0.20534226190476193 0.2885780423280423 0.12546626984126985
1 0.2804001322751323 0.5265674603174603 0.22019179894179894 0.17515625
4 0.5593584656084656 0.5390029761904762 0.18618055555555554 0.22731150793650792
4 0.15128968253968253 0.586922123015873 0.2562830687830688 0.11977926587301586
4 0.27833664021164023 0.4310515873015873 0.18630291005291005 0.1552579365079365
7 0.7380291005291005 0.5331547619047619 0.207146164021164 0.2332936507936508
7 0.7215244708994708 0.7752752976190476 0.15747685185185184 0.25500496031746034
7 0.5506249999999999 0.7586904761904761 0.15878968253968254 0.24352926587301588
7 0.40165013227513224 0.7421205357142857 0.15845899470899472 0.23451140873015872
7 0.12477843915343914 0.6890848214285714 0.24956018518518516 0.12728670634920636
7 0.3504960317460318 0.5870808531746032 0.20839947089947092 0.2370486111111111
7 0.3835714285714286 0.3876537698412698 0.22150793650793651 0.23215277777777776
7 0.5323214285714286 0.09295386904761906 0.34409060846560846 0.12162946428571429
7 0.08349867724867725 0.3750892857142857 0.1669973544973545 0.2195610119047619
8 0.07089616402116401 0.2401686507936508 0.14179563492063493 0.18767857142857144