2 0.2565839947089947 0.17150545634920636 0.14665674603174603 0.21140873015873016
2 0.3944609788359788 0.16820684523809526 0.12665674603174604 0.20481150793650793
2 0.6047519841269842 0.23448164682539682 0.29251984126984126 0.08822916666666666
2 0.6139054232804233 0.14600942460317462 0.2867724867724868 0.10310267857142856
2 0.8711078042328042 0.21131448412698411 0.2577810846560846 0.10316964285714286
7 0.840787037037037 0.4186929563492064 0.29619708994709 0.09658234126984128
7 0.8444940476190477 0.5085441468253967 0.29653439153439154 0.1227703373015873
7 0.8583730158730158 0.6082936507936507 0.28325396825396826 0.12279761904761904
2 0.8537731481481481 0.7096899801587301 0.2924537037037037 0.10440228174603175
3 0.47764550264550265 0.7093402777777778 0.20670304232804235 0.12386904761904761
6 0.5761474867724867 0.6155952380952381 0.26786044973544976 0.1401512896825397
6 0.5516567460317461 0.5141815476190476 0.2330291005291005 0.11775049603174603
6 0.573045634920635 0.42636160714285715 0.2503339947089947 0.1087375992063492
6 0.5937830687830687 0.33492063492063495 0.23238095238095238 0.12538194444444445
3 0.8628505291005292 0.31366319444444446 0.22428571428571428 0.11046378968253968
4 0.3100925925925926 0.3435168650793651 0.28622354497354496 0.10755208333333333
4 0.3075462962962963 0.43323164682539683 0.29669312169312173 0.09488343253968254
1 0.29440145502645504 0.5180158730158729 0.2817261904761905 0.10313244047619047
1 0.2766170634920635 0.6304340277777778 0.2461607142857143 0.11570188492063492
1 0.2939583333333333 0.7333209325396826 0.299239417989418 0.11578869047619048