2 0.6078439153439154 0.19991567460317458 0.3492824074074074 0.11461557539682539
2 0.6500363756613756 0.35900049603174605 0.17573743386243385 0.259171626984127
2 0.2651554232804233 0.18326636904761903 0.3087466931216931 0.10859375
2 0.06531084656084656 0.16341517857142857 0.1306216931216931 0.09231894841269842
3 0.6802843915343915 0.6028968253968254 0.18993386243386243 0.16660714285714284
3 0.09363425925925925 0.3618576388888889 0.16081679894179896 0.1929637896825397
6 0.5219907407407407 0.5929836309523809 0.18088293650793652 0.2311061507936508
6 0.3747387566137566 0.609092261904762 0.15754960317460318 0.21620039682539682
6 0.25256613756613755 0.5890327380952382 0.1546031746031746 0.20336309523809526
6 0.12398478835978836 0.5742559523809524 0.16860449735449737 0.208531746031746
1 0.6722089947089948 0.8404166666666667 0.18701388888888887 0.26714533730158735
1 0.5160085978835979 0.851173115079365 0.16561507936507935 0.2117733134920635
1 0.38701719576719573 0.8340327380952381 0.1787962962962963 0.23205357142857141
7 0.518720238095238 0.3766046626984127 0.17104166666666668 0.23981398809523807
7 0.37306216931216934 0.38138392857142855 0.18065145502645502 0.22209573412698413
7 0.23910383597883597 0.3742832341269841 0.15082341269841268 0.21285218253968255
4 0.2647089947089947 0.8249007936507936 0.19211640211640213 0.2485094246031746
4 0.11100198412698413 0.817358630952381 0.1624834656084656 0.22846478174603174