4 0.5757705026455027 0.16208829365079364 0.28239748677248677 0.09740327380952381
4 0.5736276455026456 0.2037996031746032 0.31487103174603176 0.1185763888888889
4 0.6450661375661376 0.2640203373015873 0.2858167989417989 0.12292410714285715
4 0.3202380952380952 0.2008779761904762 0.26067791005291 0.20385664682539684
4 0.5234788359788359 0.33651785714285715 0.30003637566137564 0.1300049603174603
1 0.46649801587301587 0.4140525793650794 0.24206679894179894 0.1412326388888889
8 0.31465608465608463 0.36077380952380955 0.22853174603174606 0.17462549603174604
8 0.2812400793650794 0.3450992063492064 0.1928339947089947 0.20088045634920637
8 0.12398809523809523 0.4267435515873016 0.2479728835978836 0.1678373015873016
6 0.6318551587301587 0.5955654761904763 0.19369708994708995 0.20853670634920637
6 0.5964550264550265 0.7341517857142857 0.15473544973544975 0.1265798611111111
7 0.5392261904761905 0.8039260912698413 0.3175892857142857 0.1603670634920635
7 0.23955026455026454 0.753735119047619 0.1459424603174603 0.2316765873015873
7 0.21590939153439154 0.8841815476190477 0.14295304232804235 0.07976934523809524
3 0.31335317460317463 0.8316145833333334 0.12965277777777778 0.12468253968253969
3 0.4590112433862434 0.43254464285714284 0.23219907407407406 0.16815228174603175
6 0.18713955026455026 0.5908705357142857 0.2579728835978836 0.1383705357142857
7 0.0699702380952381 0.7598040674603175 0.1399404761904762 0.08259424603174603
7 0.032265211640211636 0.6060763888888888 0.06453042328042327 0.08727926587301588
8 0.12846891534391536 0.6877504960317461 0.158640873015873 0.17455357142857142
6 0.4204993386243386 0.5727455357142857 0.1281580687830688 0.11112351190476191
4 0.0604563492063492 0.2636259920634921 0.1209126984126984 0.2226264880952381