6 0.46664351851851854 0.49509424603174607 0.4934755291005291 0.34782738095238097
3 0.7992261904761905 0.8273511904761905 0.39143849206349207 0.2930952380952381
8 0.8794642857142857 0.5478025793650793 0.24107142857142858 0.376359126984127
8 0.7662037037037037 0.1799826388888889 0.4675925925925926 0.359967757936508
8 0.8951719576719577 0.40624503968253967 0.20965608465608465 0.2073313492063492
3 0.2700892857142857 0.9135664682539683 0.44758597883597884 0.1728670634920635
8 0.1912037037037037 0.4870560515873016 0.3824107142857143 0.2945486111111111
7 0.3732109788359788 0.1701736111111111 0.3132242063492064 0.11465525793650794
7 0.0903968253968254 0.8782242063492064 0.1807936507936508 0.2435515873015873
4 0.07357804232804233 0.6876388888888889 0.14715608465608465 0.26162698412698415
7 0.05042989417989418 0.2442782738095238 0.10085978835978836 0.16372519841269842
1 0.45979497354497356 0.08556547619047619 0.37009259259259264 0.17113095238095238
7 0.37331349206349207 0.8353720238095238 0.4207043650793651 0.17449156746031744
1 0.2332936507936508 0.6959002976190476 0.4064285714285714 0.2624652777777778