4 0.6920568783068783 0.23187251984126983 0.29137896825396825 0.10236855158730158
4 0.9062169312169313 0.2990724206349206 0.1797850529100529 0.21902281746031746
4 0.538693783068783 0.3617633928571429 0.30515873015873013 0.15403769841269843
4 0.4200760582010582 0.4857886904761905 0.24646494708994707 0.23107886904761907
4 0.18986772486772485 0.5687549603174603 0.36252645502645503 0.17921626984126984
4 0.12286044973544973 0.5493328373015872 0.2005522486772487 0.25007936507936507
4 0.17936838624338625 0.3750644841269841 0.22752314814814814 0.2225843253968254
4 0.3207539682539683 0.3077380952380952 0.3532671957671958 0.16536954365079365
4 0.9458035714285715 0.17107886904761904 0.10838955026455026 0.21793650793650796
4 0.2470138888888889 0.7604613095238095 0.28537698412698415 0.12542906746031746
4 0.11692460317460317 0.7326934523809523 0.23385251322751321 0.22476686507936508
4 0.4477876984126984 0.7990699404761904 0.1168915343915344 0.08165178571428572
4 0.5876223544973546 0.5485342261904762 0.12122685185185185 0.1226438492063492
4 0.5235251322751323 0.22191964285714286 0.07477843915343915 0.10020585317460316
8 0.4072718253968254 0.15761656746031746 0.15847222222222224 0.2297296626984127
8 0.8257837301587302 0.0590625 0.28134589947089944 0.09876736111111112
8 0.6125363756613756 0.07708581349206349 0.1624537037037037 0.15417410714285715
8 0.17016534391534394 0.22914434523809524 0.3252744708994709 0.18887152777777777
8 0.7965542328042329 0.6700049603174604 0.3304431216931217 0.10907242063492063
8 0.9054728835978836 0.5038864087301588 0.1890542328042328 0.21403521825396826
8 0.5019940476190476 0.8964310515873015 0.35867394179894185 0.1295610119047619
8 0.6296924603174603 0.7779439484126984 0.18601190476190477 0.10393105158730159
8 0.7883101851851851 0.7564980158730158 0.21305224867724867 0.05834573412698413
8 0.8249305555555556 0.8222643849206349 0.12261243386243385 0.052214781746031745
8 0.23417328042328042 0.6755233134920635 0.15429232804232804 0.06525545634920635
8 0.8802414021164021 0.15639384920634922 0.10847552910052909 0.09176587301587301
7 0.37770502645502646 0.6971602182539682 0.13933201058201058 0.10911954365079365
7 0.5077480158730159 0.6847395833333333 0.2396626984126984 0.20947420634920635
7 0.7323875661375661 0.8915600198412699 0.14326058201058203 0.1501016865079365
7 0.6714814814814815 0.43694444444444447 0.3143518518518519 0.20712301587301588
2 0.2585350529100529 0.06822172619047619 0.2973875661375661 0.13644345238095237