7 0.5619212962962963 0.18468253968253967 0.3037367724867725 0.11142857142857142
7 0.591332671957672 0.6263020833333334 0.15422949735449734 0.23822172619047619
7 0.5203935185185186 0.851111111111111 0.20745370370370372 0.24140873015873016
7 0.3644444444444444 0.8028645833333333 0.17664021164021163 0.2366815476190476
7 0.2420271164021164 0.756264880952381 0.16990410052910052 0.23028769841269842
7 0.3251455026455026 0.42622023809523807 0.13772486772486772 0.20759672619047617
7 0.2457473544973545 0.6036210317460318 0.2269477513227513 0.20277777777777778
7 0.058710317460317456 0.6621999007936508 0.11742063492063491 0.10168154761904763
7 0.07120701058201058 0.34089781746031744 0.14241402116402116 0.1684027777777778
1 0.1473313492063492 0.3548387896825397 0.25828373015873013 0.12684275793650793
1 0.43440476190476196 0.27947916666666667 0.28349537037037037 0.1398090277777778
3 0.6363095238095238 0.4479637896825397 0.1582010582010582 0.15187996031746032
3 0.31492063492063493 0.2081547619047619 0.18672288359788358 0.1335689484126984
1 0.17427248677248677 0.5445882936507938 0.18981481481481483 0.17151785714285714
4 0.43582010582010583 0.5997395833333333 0.14412698412698413 0.22725942460317458
6 0.47075066137566135 0.41131944444444446 0.24375330687830687 0.17779761904761904
7 0.08709325396825397 0.22962549603174603 0.17418650793650794 0.15915178571428573