1 0.8200496031746032 0.6526810515873016 0.16761243386243388 0.2229737103174603
1 0.6817328042328042 0.6583854166666667 0.13940145502645504 0.17272073412698413
1 0.5646527777777778 0.6435987103174603 0.1183829365079365 0.18063244047619045
4 0.4582308201058201 0.6331324404761904 0.12365740740740741 0.19558779761904763
4 0.3548048941798942 0.6196701388888889 0.12795304232804233 0.18516617063492063
7 0.7091633597883599 0.2457018849206349 0.1427843915343915 0.20984375
7 0.5774834656084656 0.2585590277777778 0.12875661375661376 0.2035094246031746
7 0.46975859788359786 0.25860863095238096 0.12614748677248677 0.19885416666666667
2 0.15009589947089946 0.6486929563492064 0.21505291005291008 0.11431051587301587
2 0.16075396825396826 0.5561259920634921 0.21598214285714284 0.09240575396825397
2 0.2423776455026455 0.4215922619047619 0.10041005291005291 0.18475446428571426
2 0.14786044973544973 0.4101190476190476 0.1206547619047619 0.17937251984126984
2 0.23822089947089947 0.2298735119047619 0.13386243386243388 0.17920882936507937
2 0.27108796296296295 0.08769593253968254 0.22167658730158732 0.0980952380952381
2 0.4995833333333333 0.09026785714285714 0.26822420634920635 0.09233878968253968
2 0.8117559523809523 0.0852951388888889 0.31289021164021164 0.12742559523809524
2 0.8331547619047619 0.23653025793650795 0.13569444444444442 0.22415426587301587
6 0.6969808201058201 0.446765873015873 0.1848346560846561 0.19061507936507935
6 0.562228835978836 0.4600024801587302 0.1605026455026455 0.16291418650793651
6 0.462662037037037 0.4372743055555555 0.1469675925925926 0.17218998015873016
6 0.3576752645502645 0.4232713293650794 0.157744708994709 0.15911210317460317
3 0.8011640211640211 0.5206894841269841 0.1592526455026455 0.14794146825396826
3 0.3489484126984127 0.24353670634920635 0.11412698412698413 0.1518874007936508
2 0.06959986772486773 0.14660962301587302 0.13920304232804231 0.09079117063492063