2 0.42308597883597887 0.11686780753968254 0.3544751984126984 0.202812003968254 0.6014854497354497 0.32691269841269843 0.6658660714285715 0.24236334325396824
2 0.7085988756613756 0.14293824404761904 0.7111177248677248 0.2504970238095238 0.9743869047619047 0.27651636904761906 0.9689216269841269 0.1497264384920635
2 0.3811686507936508 0.32711780753968256 0.5050119047619047 0.5273045634920636 0.6114953703703704 0.47852653769841275 0.49317129629629625 0.2918261408730159
2 0.14496891534391534 0.3313355654761905 0.07692691798941799 0.4160751488095238 0.3652638888888889 0.531529761904762 0.42392824074074076 0.4418509424603174
8 0 0.1593410218253968 0.09848247354497354 0.1523643353174603 0.16356613756613758 0.38304092261904765 0.011445436507936507 0.39135565476190476
8 0.18621031746031746 0.1766810515873016 0.320161044973545 0.1467113095238095 0.41995436507936507 0.3592733134920635 0.3009781746031746 0.39203497023809525
8 0.7140029761904761 0.5340047123015873 0.6985522486772486 0.7262281746031746 0.8025241402116402 0.7248167162698412 0.8280922619047618 0.5316505456349205
8 0.5936233465608466 0.5394161706349206 0.5825539021164021 0.7450436507936508 0.7114229497354497 0.7380176091269841 0.7098045634920636 0.5424972718253969
8 0.4467797619047619 0.5904990079365079 0.5230767195767196 0.7775818452380953 0.5946094576719576 0.7536696428571428 0.5542592592592592 0.5544000496031746
8 0.39491567460317456 0.5619114583333333 0.3858257275132275 0.7802435515873016 0.5089490740740741 0.766907242063492 0.44439252645502647 0.5880625 0.5145287698412698 0.5660907738095238 0.39819642857142856 0.5617686011904762
8 0.8098270502645503 0.6022152777777778 0.7980109126984127 0.795139880952381 0.8338723544973545 0.7856019345238096 0.836035052910053 0.6904238591269842 0.8615324074074073 0.6063653273809523 0.9062933201058201 0.605607390873016 0.9062933201058201 0.6023196924603175
8 0.9516719576719578 0.6144000496031746 0.9324255952380953 0.6941693948412698 0.9658339947089947 0.7987371031746031 0.880271164021164 0.7989841269841269 0.8414269179894179 0.6888881448412699 0.863829365079365 0.6085749007936507
8 0.9422989417989418 0.5970600198412699 0.959326388888889 0.7760295138888889 0.9996693121693122 0.7647946428571428 0.9996693121693122 0.5909895833333333
7 0.08498181216931218 0.6795424107142857 0.022021825396825394 0.7780505952380952 0.3118915343915344 0.8427095734126984 0.36040145502645504 0.7558206845238096
3 0.0512390873015873 0.8435699404761905 0.033266865079365084 0.9479032738095238 0.14346560846560846 0.951406994047619 0.13303571428571428 0.9943472222222223 0.19676455026455025 0.9589623015873016 0.21774636243386244 0.8547204861111112
4 0.2575403439153439 0.920265625 0.34728174603174605 0.9934957837301588 0.5594533730158731 0.8674454365079365 0.5161008597883598 0.8228120039682539 0.4501894841269841 0.767483878968254
1 0.504352843915344 0.7758519345238095 0.5168207671957672 0.8762857142857143 0.7289460978835979 0.8533695436507936 0.7247013888888888 0.7495250496031746