2 0.3784821428571428 0.14837549603174602 0.36344576719576716 0.13306051587301587
8 0.7377347883597883 0.12175347222222223 0.27507275132275133 0.1393402777777778
8 0.8910383597883598 0.03187748015873016 0.21792328042328044 0.06375248015873017
8 0.9092261904761905 0.2894022817460317 0.18154761904761904 0.18693700396825397
8 0.744563492063492 0.3239955357142857 0.23251653439153439 0.174280753968254
4 0.6115443121693122 0.5832614087301587 0.17480489417989417 0.22654265873015872
4 0.42191798941798947 0.707547123015873 0.16923280423280423 0.2618204365079365
4 0.21317460317460318 0.764905753968254 0.2643121693121693 0.2574900793650794
1 0.5508928571428572 0.24025545634920636 0.2089285714285714 0.14072916666666666
1 0.898422619047619 0.451889880952381 0.19300595238095236 0.21429563492063491
1 0.7561507936507936 0.42275545634920636 0.1630952380952381 0.1361855158730159
7 0.2909126984126984 0.503640873015873 0.31727182539682536 0.10450644841269842
7 0.42562830687830683 0.39144097222222224 0.29239417989417993 0.13308035714285715
4 0.9505621693121693 0.13881448412698413 0.09887566137566138 0.1288169642857143