7 0.8786375661375662 0.7379117063492064 0.24272486772486773 0.31759176587301585
4 0.4435449735449735 0.4528893849206349 0.2753174603174603 0.24571924603174602
4 0.8388194444444445 0.10279265873015872 0.29205687830687826 0.20558531746031744
4 0.1332771164021164 0.7164707341269841 0.2533234126984127 0.3292708333333333
4 0.14915674603174603 0.37173363095238093 0.29831679894179897 0.2747172619047619
7 0.3284457671957672 0.6923363095238095 0.3295138888888889 0.2983655753968254
7 0.20576388888888889 0.9216269841269841 0.4049107142857143 0.15674603174603174
7 0.4962665343915344 0.2311532738095238 0.32124007936507937 0.23661210317460318
7 0.11942129629629629 0.47635664682539686 0.23884259259259258 0.2508308531746032
6 0.48361772486772486 0.77546875 0.3157804232804233 0.25381448412698415
3 0.6356448412698413 0.8468501984126984 0.2597982804232804 0.2631448412698413
8 0.7158597883597885 0.23732638888888888 0.33746362433862437 0.23715029761904763
8 0.3033564814814815 0.3138814484126984 0.37523478835978835 0.12676835317460317
1 0.6241865079365079 0.5968526785714287 0.3753042328042328 0.1976612103174603
1 0.6165410052910053 0.4379985119047619 0.32700066137566136 0.15178819444444444
1 0.27899801587301587 0.5035515873015873 0.2570701058201058 0.23825396825396825
3 0.8428075396825397 0.48202876984126986 0.25042989417989414 0.17784474206349207
8 0.4980125661375661 0.042782738095238096 0.377635582010582 0.08556547619047619