7 0.6833994708994708 0.5321329365079365 0.17962962962962964 0.20116815476190478
7 0.46922949735449737 0.6409945436507936 0.22086309523809525 0.21552083333333333
7 0.6295899470899471 0.816500496031746 0.28364748677248675 0.20479662698412698
7 0.6442228835978836 0.0610515873015873 0.1971792328042328 0.07382936507936508
7 0.31819444444444445 0.47614335317460316 0.17672949735449733 0.19336061507936508
7 0.3393055555555555 0.7499925595238095 0.3082440476190476 0.19790426587301588
7 0.2016633597883598 0.7124454365079365 0.3570337301587302 0.17985119047619047
7 0.8334160052910053 0.39896577380952386 0.17874007936507935 0.1679737103174603
8 0.46673941798941804 0.4478174603174603 0.12329034391534391 0.1962276785714286
8 0.6264715608465609 0.19063988095238094 0.23112103174603174 0.07870039682539683
8 0.7950396825396825 0.2667137896825397 0.2111111111111111 0.10893353174603175
8 0.7662566137566137 0.09550099206349207 0.24283068783068784 0.07685515873015873
8 0.24874338624338627 0.5350595238095238 0.28584325396825394 0.16734375
8 0.20762566137566138 0.9177430555555556 0.3391931216931217 0.1415376984126984
8 0.8467857142857143 0.7347123015873016 0.29476521164021163 0.15755704365079365
8 0.8344113756613757 0.4820907738095238 0.25347883597883597 0.14196924603174602
8 0.916603835978836 0.36290674603174605 0.1070138888888889 0.17273809523809525
8 0.6592724867724868 0.3805877976190476 0.22066468253968252 0.14609623015873013
8 0.6840178571428571 0.25468253968253973 0.1180324074074074 0.15222470238095237
8 0.3357473544973545 0.2729761904761905 0.14901124338624339 0.16153025793650794
8 0.4183994708994709 0.21958333333333332 0.19857473544973545 0.11886904761904761
8 0.1383234126984127 0.345530753968254 0.24041997354497355 0.16279017857142858
2 0.13887566137566137 0.6014459325396826 0.27775132275132275 0.17763640873015873
2 0.20612103174603172 0.23416170634920636 0.24609788359788362 0.13421130952380952
3 0.5702546296296297 0.5353149801587301 0.16677579365079365 0.11477430555555555
3 0.763343253968254 0.6575496031746031 0.1491633597883598 0.13211309523809522
1 0.9484854497354497 0.5181001984126984 0.1030324074074074 0.14343998015873016
1 0.8898875661375661 0.6119246031746032 0.14777777777777779 0.1575843253968254
4 0.5108366402116402 0.2815674603174603 0.2267063492063492 0.13088541666666667
4 0.6474371693121693 0.01304811507936508 0.16750330687830686 0.02609623015873016
8 0.562066798941799 0.7750570436507938 0.26895171957671954 0.15424107142857144