2 0.4204332010582011 0.2013988095238095 0.2994146825396825 0.10351934523809524
8 0.7754398148148147 0.1612624007936508 0.3181878306878307 0.13368799603174603
8 0.9372486772486772 0.03742063492063492 0.12550595238095238 0.07483878968253968
8 0.7108333333333333 0.3987276785714286 0.1008101851851852 0.08077380952380953
8 0.8817195767195768 0.608077876984127 0.23656415343915344 0.1860639880952381
8 0.8908498677248676 0.5745535714285714 0.21830026455026455 0.08504464285714285
8 0.43765211640211643 0.5227703373015873 0.1827314814814815 0.22913690476190476
7 0.5440013227513227 0.4696924603174603 0.14265873015873015 0.19092757936507937
7 0.8499404761904761 0.48196428571428573 0.3001223544973545 0.1047891865079365
7 0.8116534391534391 0.4348263888888889 0.2030919312169312 0.2011904761904762
7 0.36826388888888895 0.850610119047619 0.2397453703703704 0.2634747023809524
7 0.2969080687830688 0.6139781746031746 0.2548346560846561 0.14416666666666667
1 0.4243948412698412 0.7199677579365079 0.2862599206349206 0.14903521825396823
6 0.5391071428571429 0.7361805555555556 0.16793320105820106 0.11570684523809523
6 0.6630853174603175 0.6868055555555556 0.1382771164021164 0.14845982142857145
6 0.6279265873015872 0.7848387896825396 0.27982473544973546 0.1406969246031746
6 0.5223412698412698 0.8962524801587302 0.26152116402116404 0.14874007936507938
3 0.8079265873015873 0.7710590277777778 0.16787698412698412 0.10875744047619047
1 0.9139616402116403 0.7746180555555556 0.12425595238095238 0.19916170634920635
4 0.952582671957672 0.6272594246031746 0.09483465608465608 0.09730654761904761
4 0.579401455026455 0.601639384920635 0.14906415343915344 0.08583085317460318
4 0.8748743386243386 0.26376488095238093 0.25025462962962963 0.20012152777777778
4 0.9095205026455025 0.36290674603174605 0.1809589947089947 0.13959573412698414
4 0.9806977513227514 0.8112624007936509 0.03860780423280423 0.1326140873015873