6 0.7883796296296296 0.5503497023809525 0.1914219576719577 0.20707589285714284
6 0.745489417989418 0.6763690476190476 0.16289021164021164 0.13307787698412699
7 0.6980092592592593 0.747547123015873 0.33078373015873014 0.13531994047619048
7 0.4019047619047619 0.6814508928571429 0.12537037037037038 0.20919146825396825
7 0.3890145502645503 0.7986780753968253 0.12982473544973544 0.08585813492063492
7 0.23590277777777777 0.6801661706349206 0.1488392857142857 0.08413938492063493
7 0.21497685185185186 0.5403249007936508 0.07250000000000001 0.0703174603174603
4 0.8241435185185185 0.21022073412698414 0.3091832010582011 0.12906994047619047
4 0.7426951058201058 0.10263392857142857 0.2894477513227513 0.09456845238095238
4 0.756524470899471 0.16417658730158732 0.33666666666666667 0.10094742063492063
4 0.49005952380952383 0.15298859126984127 0.2589980158730159 0.2032762896825397
4 0.2154861111111111 0.23590773809523807 0.165109126984127 0.18772073412698412
4 0.2364814814814815 0.20318948412698412 0.12262896825396825 0.16696676587301587
4 0.09247354497354497 0.2663988095238095 0.18495039682539682 0.17210069444444442
4 0.6911375661375662 0.28109375 0.29471560846560846 0.13537450396825398
1 0.6276818783068783 0.3668005952380953 0.2159126984126984 0.1427455357142857
8 0.48243716931216934 0.32068700396825395 0.22241402116402118 0.1772222222222222
8 0.45032407407407404 0.2897842261904762 0.1841468253968254 0.2006845238095238
8 0.27245039682539685 0.3700248015873016 0.23991402116402116 0.13985367063492063
6 0.36000992063492065 0.5357762896825397 0.2345271164021164 0.13658234126984128
6 0.5356712962962963 0.557405753968254 0.21506613756613757 0.18050595238095238
7 0.6531051587301587 0.5922643849206349 0.13692460317460317 0.09922123015873016