7 0.6339880952380953 0.5513888888888888 0.35858465608465606 0.1876016865079365
7 0.6051653439153439 0.36242807539682537 0.24802910052910052 0.3577926587301587
7 0.2850330687830688 0.3028571428571428 0.5204662698412699 0.2287326388888889
7 0.2425727513227513 0.12656994047619047 0.3297255291005291 0.25313988095238094
7 0.37193121693121695 0.0963467261904762 0.22137235449735448 0.1331671626984127
7 0.6232936507936507 0.07378472222222222 0.2944146825396825 0.14756944444444445
4 0.8083664021164021 0.23595734126984128 0.38326719576719576 0.18700396825396826
7 0.5427810846560847 0.3685838293650794 0.4969345238095238 0.19897569444444443
3 0.8687169312169312 0.4662673611111111 0.26256613756613756 0.22072916666666667
3 0.9232804232804233 0.6896230158730159 0.15343915343915343 0.28549355158730155
4 0.17279431216931215 0.692234623015873 0.3290145502645503 0.3590798611111111
4 0.3854794973544974 0.6196651785714286 0.28723875661375664 0.3454935515873016
6 0.27000330687830687 0.46109871031746036 0.4308829365079365 0.2302331349206349