2 0.8107010582010582 0.37963541666666667 0.14019179894179895 0.20861607142857141
2 0.1869510582010582 0.17378472222222224 0.29712301587301587 0.10763392857142857
2 0.4534424603174603 0.19195436507936509 0.29584656084656086 0.10318204365079364
2 0.7464351851851851 0.18652529761904763 0.25319444444444444 0.04793898809523809
2 0.17405092592592594 0.5487078373015872 0.1385548941798942 0.21924603174603174
2 0.07404431216931216 0.5285664682539682 0.10809854497354497 0.21135664682539684
2 0.15952711640211642 0.3354935515873016 0.1303075396825397 0.21630456349206348
2 0.12276785714285714 0.7028621031746032 0.24553571428571427 0.10827876984126984
2 0.12836640211640213 0.813891369047619 0.25673280423280426 0.1381547619047619
4 0.31062169312169313 0.7703968253968253 0.14136904761904762 0.22353670634920633
4 0.42773809523809525 0.7801438492063492 0.16925925925925925 0.22143849206349206
1 0.5544642857142857 0.79625 0.17797619047619048 0.2248611111111111
1 0.6820469576719578 0.8089087301587301 0.1612070105820106 0.19738839285714285
1 0.8180059523809524 0.8019618055555556 0.18519510582010582 0.22908482142857142
3 0.8294146825396825 0.5983680555555555 0.15042658730158728 0.15660962301587303
6 0.6940839947089946 0.5922891865079365 0.1564914021164021 0.20803571428571427
6 0.5517757936507937 0.5834350198412698 0.14380291005291007 0.19752728174603174
6 0.43632275132275133 0.5755629960317461 0.13523809523809524 0.19377480158730157
6 0.3133234126984127 0.5515079365079365 0.16596560846560846 0.19125248015873017
7 0.4308498677248678 0.3825892857142857 0.13229497354497355 0.2037251984126984
7 0.5458630952380953 0.38614583333333335 0.14317460317460318 0.19764136904761903
7 0.68505291005291 0.38417906746031744 0.14162698412698413 0.21890376984126983
3 0.29483134920634924 0.3604141865079365 0.14817791005291003 0.16657242063492064