2 0.7537334656084655 0.3421552579365079 0.14950727513227513 0.21780505952380955
2 0.7125892857142857 0.19679563492063493 0.29509920634920633 0.09645833333333334
2 0.39578373015873014 0.18704613095238093 0.253640873015873 0.08456597222222223
2 0.1566798941798942 0.1821453373015873 0.2377910052910053 0.0939905753968254
2 0.12700727513227514 0.3288169642857143 0.11682539682539682 0.19112599206349207
2 0.1479728835978836 0.5348883928571428 0.1051653439153439 0.19197420634920634
2 0.049411375661375656 0.5203447420634921 0.09882275132275131 0.19228670634920633
2 0.11044973544973545 0.6813839285714286 0.2208994708994709 0.10215525793650794
2 0.11161375661375661 0.7886284722222222 0.22322751322751322 0.11176339285714286
4 0.2805489417989418 0.7455357142857143 0.12395171957671958 0.1953125
4 0.39570105820105816 0.7540649801587301 0.13218584656084656 0.1992906746031746
1 0.5054861111111111 0.7648065476190475 0.14481150793650793 0.19549107142857144
1 0.629156746031746 0.7796230158730159 0.15613425925925925 0.18065228174603173
1 0.7654728835978836 0.7684399801587302 0.14624338624338626 0.22978670634920634
3 0.7667791005291005 0.5585466269841269 0.14412698412698413 0.1385515873015873
6 0.6394179894179894 0.5598313492063491 0.13841600529100528 0.19092013888888887
6 0.4960912698412699 0.5613268849206349 0.15301587301587302 0.1809499007936508
6 0.3931746031746032 0.5479613095238095 0.13178571428571428 0.17511656746031748
6 0.2718055555555556 0.5376884920634921 0.1599404761904762 0.1781125992063492
3 0.2547156084656085 0.3472569444444445 0.12304563492063492 0.15043402777777776
7 0.3812665343915344 0.36359623015873016 0.11610449735449736 0.19884424603174602
7 0.4927943121693122 0.36382192460317464 0.14216931216931217 0.19839285714285712
7 0.6187202380952381 0.34932291666666665 0.11549603174603175 0.21169890873015873