2 0.6888359788359788 0.15582589285714285 0.319537037037037 0.1227876984126984
2 0.7038293650793651 0.32024057539682543 0.13988095238095238 0.23391369047619048
2 0.3633399470899471 0.1496155753968254 0.2652149470899471 0.09455109126984128
2 0.12841600529100528 0.13091021825396826 0.2394642857142857 0.09342261904761905
2 0.09162698412698413 0.2831448412698413 0.13487433862433862 0.20158730158730157
2 0.10647486772486774 0.48368799603174606 0.11826058201058201 0.21046875
2 0.028220899470899473 0.46432539682539686 0.056441798941798946 0.19988343253968252
2 0.08357804232804233 0.631984126984127 0.16715608465608467 0.10751984126984127
2 0.08214616402116402 0.740825892857143 0.16429232804232805 0.12238591269841269
6 0.22997685185185188 0.49869295634920635 0.15355489417989418 0.18889880952380952
6 0.3455985449735449 0.5102678571428572 0.13421626984126983 0.1915798611111111
6 0.4445006613756614 0.522609126984127 0.14346891534391534 0.17718501984126983
6 0.5817824074074074 0.522797619047619 0.1277579365079365 0.18593501984126987
3 0.716848544973545 0.532532242063492 0.15723214285714288 0.16353670634920633
1 0.6994907407407408 0.7287698412698413 0.16593584656084656 0.22573660714285712
1 0.5641170634920635 0.7463492063492064 0.15072751322751324 0.20972222222222223
1 0.45121693121693124 0.7126388888888889 0.1556580687830688 0.17858382936507936
4 0.34093253968253967 0.7070510912698412 0.1323313492063492 0.2148611111111111
4 0.22855489417989416 0.6937599206349205 0.13209986772486773 0.20316220238095237
7 0.5817493386243386 0.3196800595238095 0.1289318783068783 0.20302083333333334
7 0.45905092592592595 0.31837301587301586 0.13287037037037036 0.21436011904761904
7 0.3507638888888889 0.32529017857142856 0.11725859788359788 0.21051587301587302
3 0.22552579365079364 0.3024627976190476 0.14712962962962964 0.17137400793650795