1 0.845568783068783 0.24431795634920636 0.30886243386243384 0.33486607142857144
1 0.24679894179894182 0.5514732142857143 0.24227513227513228 0.2968923611111111
6 0.7120601851851852 0.5997197420634921 0.4849669312169312 0.2867385912698413
6 0.5418022486772487 0.7478621031746032 0.42884259259259255 0.22092261904761903
7 0.3830224867724868 0.8692237103174604 0.49718253968253967 0.1836780753968254
4 0.2614847883597884 0.7559250992063492 0.5163558201058202 0.23189484126984128
7 0.15376984126984128 0.48686011904761906 0.30753968253968256 0.358125
7 0.5089517195767196 0.555359623015873 0.2949272486772487 0.16160218253968256
6 0.21441798941798942 0.2502554563492063 0.3792328042328042 0.30458085317460315
8 0.7653769841269841 0.06634424603174603 0.46924603174603174 0.13268849206349206
8 0.7459821428571428 0.12462797619047619 0.25519179894179894 0.24925595238095238
3 0.6732936507936508 0.2837103174603175 0.2784689153439154 0.2003546626984127