2 0.6295568783068783 0.7157440476190476 0.437771164021164 0.18824900793650792
2 0.9042294973544973 0.5795957341269841 0.1915410052910053 0.31369295634920635
2 0.8727314814814814 0.2894791666666667 0.22034391534391537 0.2866592261904762
2 0.8487929894179894 0.07639632936507935 0.19662698412698412 0.1527926587301587
2 0.5422652116402116 0.046200396825396825 0.3759193121693122 0.09240079365079365
2 0.17191798941798941 0.10721478174603175 0.34383597883597883 0.14430555555555558
2 0.17648478835978837 0.018117559523809522 0.35296626984126983 0.036235119047619044
6 0.16426917989417988 0.25067708333333333 0.32853835978835977 0.11725694444444444
6 0.17392857142857143 0.3744246031746032 0.33014880952380954 0.13405257936507936
6 0.15581349206349207 0.5005778769841269 0.31162698412698414 0.1318154761904762
6 0.20644179894179893 0.634734623015873 0.3440376984126984 0.14855158730158732
3 0.22767526455026454 0.8121230158730158 0.29030092592592593 0.19357886904761903
7 0.602638888888889 0.5789657738095237 0.42006944444444444 0.1952703373015873
7 0.5633068783068783 0.43984375000000003 0.39867724867724863 0.16463541666666665
7 0.5328141534391534 0.3234077380952381 0.3956746031746032 0.16608878968253968
3 0.5211441798941799 0.17265376984126984 0.33851190476190474 0.15446924603174605