8 0.8050595238095238 0.6506026785714286 0.3898809523809524 0.27193948412698415
8 0.7107175925925926 0.16291666666666665 0.30040343915343914 0.23406994047619048
8 0.29118055555555555 0.16188492063492063 0.21860119047619045 0.23448660714285716
8 0.4395601851851852 0.08308531746031746 0.25513888888888886 0.1661706349206349
8 0.09655423280423281 0.2935590277777778 0.19310846560846562 0.26966021825396824
8 0.46216600529100527 0.29634176587301586 0.3324007936507936 0.1735391865079365
8 0.9480820105820106 0.4337698412698413 0.10383597883597884 0.19045386904761905
8 0.7380853174603174 0.33762896825396826 0.33199404761904766 0.1481547619047619
8 0.8563161375661376 0.23213045634920637 0.2873677248677249 0.10369791666666667
8 0.9092261904761905 0.11027529761904761 0.18154761904761904 0.16139384920634922
8 0.7288789682539683 0.02976190476190476 0.353260582010582 0.05952380952380952
8 0.3670734126984127 0.4458878968253968 0.18189814814814814 0.291577380952381
8 0.5092791005291005 0.43302083333333335 0.39025132275132274 0.2360813492063492
8 0.6855026455026455 0.2796999007936508 0.3987830687830688 0.15761656746031746
8 0.48985119047619047 0.8474603174603175 0.4340674603174603 0.29859375
8 0.5404761904761906 0.6361755952380952 0.3038392857142857 0.16372023809523809
8 0.16830026455026456 0.4870535714285714 0.20432208994708995 0.16061507936507938
8 0.18694775132275135 0.30025297619047614 0.18540343915343915 0.2632018849206349
7 0.1540839947089947 0.8188839285714286 0.30816468253968254 0.23151785714285714
2 0.16311507936507935 0.6279637896825396 0.3262301587301587 0.23162450396825396
2 0.13769510582010583 0.0929389880952381 0.25885251322751324 0.18091517857142858
7 0.38485449735449734 0.69859375 0.3017195767195767 0.2893204365079365
4 0.5337037037037037 0.1525049603174603 0.339890873015873 0.2205109126984127
8 0.9150132275132276 0.8490823412698413 0.16997354497354497 0.30183531746031744
1 0.8949437830687831 0.38363095238095235 0.16290343915343916 0.2595262896825397