1 0.49330357142857145 0.46049107142857143 0.13991071428571428 0.21482886904761905
1 0.8056481481481482 0.5750520833333334 0.16719907407407408 0.19638392857142858
8 0.7994808201058201 0.7900396825396826 0.19970568783068782 0.2890625
1 0.6994808201058201 0.7160069444444445 0.18203373015873017 0.2440203373015873
8 0.14152116402116402 0.8569345238095237 0.28190145502645503 0.23266617063492065
8 0.04479828042328042 0.5830084325396826 0.08813492063492064 0.12249751984126984
3 0.15965277777777778 0.5653571428571429 0.21614748677248677 0.17639136904761907
8 0.13631283068783068 0.7114260912698412 0.27034391534391533 0.1694345238095238
8 0.3388657407407408 0.26489335317460316 0.2884126984126984 0.21862847222222223
8 0.5354828042328043 0.8764657738095237 0.23632936507936506 0.24145585317460316
8 0.42512896825396823 0.6987301587301588 0.297364417989418 0.2084970238095238
8 0.1403009259259259 0.1538095238095238 0.21760912698412696 0.18188492063492065
8 0.3574206349206349 0.4199231150793651 0.2978505291005291 0.12719742063492065
8 0.608723544973545 0.19543402777777777 0.26790343915343917 0.15051339285714285
8 0.3434259259259259 0.6028621031746031 0.16031746031746033 0.24502728174603175
8 0.10245701058201058 0.38915922619047616 0.20442791005291008 0.14465277777777777
8 0.7454431216931217 0.35400297619047616 0.19189484126984127 0.2172842261904762
8 0.3795568783068783 0.09344246031746031 0.28108796296296296 0.10687251984126984
8 0.6370436507936508 0.5018948412698413 0.29508597883597887 0.16613839285714285
8 0.5518518518518518 0.3160838293650794 0.2252876984126984 0.09695188492063493
7 0.7787830687830688 0.9204092261904763 0.40266865079365083 0.1558829365079365
8 0.03076058201058201 0.24438492063492065 0.059368386243386244 0.21142609126984127
8 0.23696097883597886 0.919890873015873 0.3859457671957672 0.16021825396825398
4 0.21217923280423281 0.22541666666666665 0.34183862433862433 0.20248511904761904
8 0.30991402116402117 0.3458308531746032 0.3590310846560847 0.1683407738095238