7 0.892691798941799 0.6665848214285715 0.21461640211640212 0.29398065476190477
7 0.2733862433862434 0.8675744047619047 0.41817791005291005 0.18752728174603175
7 0.30854166666666666 0.5187450396825397 0.2632440476190476 0.2636805555555556
7 0.2676190476190476 0.4439335317460318 0.4095734126984127 0.13389880952380953
7 0.6805687830687831 0.21976934523809524 0.3227744708994709 0.20144593253968254
7 0.05704365079365079 0.7011111111111111 0.11408730158730158 0.21980406746031747
7 0.05952380952380952 0.4628000992063492 0.11904761904761904 0.2053546626984127
1 0.20921296296296296 0.17209325396825398 0.26006283068783065 0.19537450396825398
1 0.6384689153439154 0.43807291666666665 0.28487433862433864 0.2139434523809524
1 0.5024537037037037 0.39894345238095236 0.22448743386243386 0.23488839285714286
6 0.5369312169312169 0.7323462301587302 0.25375661375661374 0.254375
3 0.6560945767195767 0.7832415674603175 0.2420403439153439 0.2762772817460318
3 0.765489417989418 0.3266641865079365 0.25803902116402117 0.12544146825396824
4 0.1465707671957672 0.3320659722222222 0.2931415343915344 0.17553819444444443
4 0.34671626984126985 0.3081051587301587 0.19739748677248675 0.18466021825396825
4 0.7434259259259259 0.09424603174603174 0.26910383597883597 0.1884920634920635
8 0.46468584656084655 0.054563492063492064 0.32090277777777776 0.10912698412698413
8 0.4930456349206349 0.23418154761904764 0.1957440476190476 0.2079464285714286
4 0.19550925925925927 0.6966170634920635 0.3464153439153439 0.2411904761904762