7 0.24678902116402116 0.4576884920634921 0.4935780423280423 0.20518353174603174
7 0.23035714285714287 0.8122147817460317 0.4136309523809524 0.3755704365079365
7 0.5343485449735449 0.6970337301587302 0.23690806878306878 0.2099454365079365
7 0.23401124338624338 0.2563516865079365 0.2545800264550265 0.1466393849206349
7 0.45435515873015875 0.1868204365079365 0.23072751322751323 0.10056299603174604
8 0.8315376984126984 0.19922123015873017 0.33692460317460315 0.280734126984127
8 0.9264880952380952 0.3683234126984127 0.1470271164021164 0.1587152777777778
8 0.33900793650793654 0.31741071428571427 0.3374537037037037 0.1851860119047619
6 0.5572519841269842 0.3489831349206349 0.20581679894179894 0.28364087301587304
6 0.6327645502645503 0.6072743055555556 0.27249007936507935 0.17437748015873017
6 0.6799338624338624 0.8882539682539683 0.4041501322751323 0.21271825396825395
6 0.4711441798941799 0.8773363095238096 0.43379960317460314 0.19978174603174603
1 0.9433564814814815 0.6159399801587301 0.11328373015873015 0.2535639880952381
3 0.8591104497354497 0.587470238095238 0.2194378306878307 0.19798363095238095
4 0.8288095238095239 0.4330406746031746 0.2765410052910053 0.17397073412698413
4 0.8938095238095238 0.04695684523809524 0.2123776455026455 0.09391617063492064