7 0.7408366402116402 0.48929811507936505 0.3131382275132275 0.2593154761904762
7 0.27424933862433865 0.47938740079365083 0.3566865079365079 0.22521081349206348
7 0.2032771164021164 0.8383655753968254 0.3902281746031746 0.2718328373015873
7 0.1925330687830688 0.20526289682539683 0.3728240740740741 0.14627728174603175
7 0.0757308201058201 0.5325297619047619 0.1514649470899471 0.1141765873015873
8 0.3494212962962963 0.13357390873015873 0.3383498677248677 0.17226438492063492
8 0.08093915343915344 0.043616071428571435 0.16188161375661375 0.08723214285714287
4 0.41116732804232803 0.040811011904761905 0.29314814814814816 0.08162202380952381
1 0.2616931216931217 0.29550843253968256 0.2581216931216931 0.22780505952380953
3 0.569401455026455 0.3235267857142857 0.20968584656084657 0.14202628968253966
3 0.46306547619047617 0.7207118055555555 0.2241931216931217 0.16609871031746032
1 0.577146164021164 0.5260987103174604 0.2809490740740741 0.2390500992063492
6 0.4103703703703704 0.5924553571428572 0.1800165343915344 0.21770585317460317
1 0.07712632275132275 0.45879464285714283 0.1542526455026455 0.20952876984126986
4 0.15887896825396824 0.6974950396825397 0.31775462962962964 0.21148809523809525