8 0.5565641534391534 0.5073040674603174 0.4146527777777778 0.2552331349206349
8 0.3317526455026455 0.8154861111111111 0.233614417989418 0.3040848214285714
8 0.1516269841269841 0.7392261904761904 0.17462632275132275 0.2805332341269841
8 0.268260582010582 0.49942708333333335 0.20252645502645505 0.29200892857142857
8 0.5167791005291005 0.2862698412698413 0.36226521164021164 0.21787698412698414
8 0.5137070105820106 0.7431845238095238 0.2635218253968254 0.2958953373015873
8 0.11243386243386243 0.29550843253968256 0.22486772486772486 0.24087053571428574
8 0.1421957671957672 0.5481051587301587 0.2843915343915344 0.21579365079365082
1 0.26182539682539685 0.20517113095238096 0.2557936507936508 0.19456597222222222
1 0.07771164021164022 0.3902356150793651 0.15542328042328044 0.16694940476190476
7 0.6576653439153439 0.3527306547619048 0.2901984126984127 0.41528025793650797
7 0.4609689153439154 0.9520089285714286 0.18120039682539685 0.09598214285714286
7 0.19159391534391534 0.9191468253968254 0.234375 0.16170634920634921
2 0.0798478835978836 0.9086061507936508 0.15969907407407408 0.1827876984126984
1 0.38539021164021164 0.34755952380952376 0.38387566137566137 0.1580580357142857
8 0.06785383597883597 0.18970734126984126 0.1357043650793651 0.15372023809523808