3 0.2815873015873016 0.460734126984127 0.401140873015873 0.21958085317460319
7 0.5354960317460317 0.7054191468253969 0.36000992063492065 0.20300099206349206
7 0.17451719576719577 0.8168402777777778 0.2696726190476191 0.3663194444444444
7 0.1238260582010582 0.15776289682539682 0.21789351851851851 0.3056076388888889
7 0.1924206349206349 0.10030505952380953 0.1864318783068783 0.1262078373015873
7 0.5113657407407407 0.05580357142857143 0.276875 0.11160714285714286
7 0.5126653439153439 0.6369171626984127 0.29411044973544975 0.07785466269841271
4 0.17195767195767195 0.5328720238095238 0.3439153439153439 0.36778521825396826
3 0.781084656084656 0.6986631944444445 0.43783068783068785 0.3407787698412698
6 0.5122718253968254 0.4652405753968254 0.5253736772486772 0.3368799603174603
8 0.4936541005291005 0.17140625 0.31932208994708994 0.15928323412698414