1 0.888994708994709 0.7417857142857143 0.1494345238095238 0.22006944444444446
1 0.7480753968253968 0.7441121031746032 0.14937169312169313 0.18979662698412697
1 0.6276719576719576 0.7300396825396825 0.15212632275132273 0.18851934523809524
4 0.5133068783068783 0.7191344246031747 0.1263690476190476 0.20521329365079363
4 0.40421296296296294 0.6435763888888889 0.10996362433862433 0.06931795634920636
2 0.22583994708994712 0.6358705357142856 0.23438161375661376 0.09330605158730158
2 0.20368716931216932 0.7256994047619048 0.17813492063492062 0.09207837301587302
2 0.28252314814814816 0.49866567460317457 0.09343584656084657 0.18872519841269841
2 0.1834457671957672 0.48752976190476194 0.10302910052910053 0.1843625992063492
2 0.27192460317460315 0.30404761904761907 0.135515873015873 0.18543402777777776
2 0.30104166666666665 0.16529761904761905 0.23195767195767197 0.08255208333333335
2 0.5354794973544973 0.16579613095238097 0.26145502645502644 0.10808283730158731
2 0.08865079365079365 0.21239831349206348 0.1773015873015873 0.10531994047619048
8 0.01701388888888889 0.33042410714285714 0.03402777777777778 0.16566964285714286
2 0.8821362433862434 0.32112103174603174 0.1464616402116402 0.22137400793650794
2 0.8462466931216932 0.17136904761904762 0.30750661375661376 0.1072296626984127
7 0.7507374338624339 0.3273511904761905 0.1296164021164021 0.21210813492063493
7 0.625353835978836 0.33820684523809524 0.11764550264550264 0.20293402777777778
7 0.5188756613756613 0.33873511904761905 0.11840608465608465 0.2045659722222222
3 0.39041666666666663 0.3228149801587301 0.1217691798941799 0.1549156746031746
6 0.39810846560846563 0.5024280753968254 0.14550925925925925 0.17027777777777778
6 0.5182671957671958 0.5180580357142857 0.11241402116402116 0.17468005952380952
6 0.6214616402116402 0.5369320436507936 0.13732142857142857 0.17660714285714288
6 0.7577645502645503 0.5350595238095238 0.13651124338624337 0.19525049603174602
3 0.8951587301587302 0.5529662698412698 0.15822089947089946 0.10832093253968254