8 0.8695436507936508 0.0496031746031746 0.26091269841269843 0.0992063492063492
8 0.36384920634920637 0.48078125 0.4697652116402116 0.25471478174603174
6 0.15873015873015872 0.6913740079365079 0.31746031746031744 0.2219171626984127
7 0.46413359788359787 0.28446924603174606 0.22389880952380953 0.13987103174603174
7 0.10011574074074074 0.3070436507936508 0.20023478835978836 0.3090277777777778
7 0.12388558201058202 0.5235416666666667 0.24777116402116403 0.1963888888888889
7 0.23764219576719575 0.6356522817460317 0.1412929894179894 0.18003472222222222
7 0.4642824074074074 0.7849280753968254 0.3366369047619048 0.1760094246031746
4 0.6943650793650794 0.4606274801587302 0.44989748677248675 0.15761656746031746
4 0.7538227513227513 0.6515228174603175 0.40042328042328046 0.23713045634920635
1 0.6063756613756613 0.16092757936507937 0.2802116402116402 0.2821701388888889
1 0.935681216931217 0.3645089285714286 0.12863756613756613 0.2776264880952381
3 0.8155489417989418 0.8711284722222222 0.2818915343915344 0.1623983134920635
3 0.8595899470899471 0.7506125992063492 0.2351818783068783 0.16047867063492063