2 0.7640079365079365 0.18955605158730157 0.30299933862433864 0.10929811507936509
2 0.7965707671957671 0.33686755952380953 0.15213624338624337 0.2194295634920635
2 0.4429298941798942 0.17938492063492062 0.26412698412698415 0.09310267857142857
2 0.20754960317460316 0.17220238095238097 0.23707010582010582 0.07804811507936509
2 0.17201719576719576 0.3154265873015873 0.1217228835978836 0.1915376984126984
2 0.18508597883597885 0.5201240079365079 0.1104265873015873 0.2036780753968254
2 0.08048941798941799 0.5038690476190476 0.1268452380952381 0.19882936507936508
2 0.12545304232804233 0.6658531746031745 0.25090608465608466 0.09417410714285714
2 0.13551256613756615 0.7623958333333334 0.26641203703703703 0.09891121031746032
1 0.8061739417989418 0.7552083333333334 0.14584986772486772 0.2288690476190476
1 0.6769279100529101 0.7579439484126984 0.16850529100529102 0.19378224206349207
1 0.543207671957672 0.7474231150793651 0.15842592592592591 0.1983407738095238
4 0.4287896825396826 0.7388963293650793 0.13345568783068784 0.20757688492063492
4 0.31475198412698413 0.7272098214285715 0.13875992063492065 0.19734871031746032
7 0.4284490740740741 0.3549578373015873 0.12170304232804231 0.1938045634920635
7 0.536061507936508 0.35319940476190476 0.13721560846560846 0.20198660714285713
7 0.6611640211640212 0.34365823412698415 0.1176058201058201 0.20515625
3 0.29451719576719576 0.33677827380952385 0.11673941798941799 0.1525
3 0.811607142857143 0.5466765873015873 0.15651455026455027 0.13792410714285713
6 0.6757208994708995 0.5484771825396826 0.152255291005291 0.18363839285714284
6 0.5361474867724868 0.552529761904762 0.1507638888888889 0.17138640873015873
6 0.433313492063492 0.5387921626984127 0.1406580687830688 0.16980406746031745
6 0.3167063492063492 0.5231175595238096 0.17772156084656082 0.16586805555555556