4 0.7054398148148148 0.25946676587301587 0.3094775132275132 0.14393353174603177
7 0.47828042328042325 0.72515625 0.3254431216931217 0.1732093253968254
7 0.3403505291005291 0.6659275793650794 0.32755621693121695 0.1478472222222222
7 0.4823578042328043 0.44341269841269837 0.15177579365079366 0.19189484126984127
8 0.8543353174603175 0.5338541666666666 0.1824404761904762 0.20756696428571428
7 0.6272189153439154 0.6415203373015873 0.20722883597883596 0.22490823412698413
7 0.7709887566137565 0.8248090277777778 0.27274140211640213 0.19654017857142858
7 0.8748280423280423 0.028519345238095236 0.2234292328042328 0.05703621031746032
8 0.6219179894179895 0.4322172619047619 0.14243055555555556 0.19441468253968253
8 0.8245006613756614 0.1591468253968254 0.2329133597883598 0.06916666666666667
8 0.9514880952380953 0.06492807539682541 0.09702380952380951 0.11412202380952381
8 0.7033068783068783 0.7745907738095238 0.3052116402116402 0.1252108134920635
8 0.42602843915343913 0.49453125000000003 0.28723875661375664 0.16019593253968253
8 0.43021825396825397 0.350171130952381 0.21708002645502647 0.15324652777777778
8 0.3274834656084656 0.8724627976190477 0.34552248677248676 0.15313740079365082
7 0.8340443121693122 0.37934275793650796 0.2292724867724868 0.14472470238095236
7 0.9536739417989417 0.4991666666666667 0.0926521164021164 0.12508184523809524
8 0.9313822751322751 0.7713988095238096 0.13723544973544974 0.12277529761904761
8 0.7819146825396827 0.6366046626984126 0.17046957671957672 0.10748015873015873
8 0.5173941798941799 0.2471354166666667 0.10471560846560847 0.16263640873015872
8 0.6505654761904762 0.18759672619047618 0.22420304232804233 0.11912450396825397
8 0.8905125661375661 0.2415079365079365 0.1638888888888889 0.15029017857142857
2 0.4072883597883598 0.19138392857142855 0.2691203703703704 0.12204117063492063
2 0.2838128306878307 0.5675347222222222 0.31063161375661374 0.20018849206349207
3 0.9187070105820107 0.6768055555555555 0.16258597883597883 0.08739087301587302
3 0.7524272486772488 0.5208258928571428 0.1447089947089947 0.14366815476190475
8 0.32985449735449734 0.31904265873015875 0.2420403439153439 0.1578075396825397